numInputs,2
numNodes,18
numOutputs,1
arity,2
functionSet,add,sub,mul,div,sq,sqrt,tanh,1,0,wire,sin,cos,min,max
1
1,-0.590485
0,0.413817
2
2,0.494223
0,-0.304601
12
0,-0.122564
1,-0.883702
7
3,0.881400
1,0.797401
3
5,-0.416148
0,-0.138771
5
3,0.578038
4,-0.976828
11
5,0.406257
7,-0.124165
6
7,-0.322809
4,0.212242
0
8,0.192703
9,0.363274
12
9,-0.937576
3,0.872275
7
10,-0.658649
11,-0.439416
10
7,0.407498
12,-0.736379
12
10,-0.141631
11,-0.333656
0
12,0.036212
14,-0.129102
0
15,-0.954427
10,0.948843
3
13,0.721679
0,0.136646
3
17,-0.568635
6,0.403786
2
16,0.291797
18,0.494574
19,