numInputs,2
numNodes,16
numOutputs,1
arity,2
functionSet,add,sub,mul,div,sq,sqrt,tanh,1,0,wire,sin,cos,min,max
11
1,0.028763
1,0.090039
11
2,-0.256458
0,0.803119
5
3,0.798765
0,-0.913866
1
0,0.346511
2,-0.200321
2
1,-0.781806
4,0.362693
13
5,0.691451
2,0.402136
4
6,0.883527
1,0.836636
3
4,-0.637025
3,0.738648
12
7,0.998256
8,0.802350
1
6,0.143349
10,0.526001
9
11,-0.153536
10,0.211427
2
12,-0.058434
12,0.969106
0
9,0.235275
13,0.994300
11
11,-0.763575
8,0.903741
0
15,0.441896
14,0.007736
3
8,0.323063
16,0.710321
17,