numInputs,2
numNodes,17
numOutputs,1
arity,2
functionSet,add,sub,mul,div,sq,sqrt,tanh,1,0,wire,sin,cos,min,max
2
0,0.079978
0,-0.311877
1
2,0.701536
1,-0.246804
2
3,0.739260
3,-0.299934
0
4,-0.294890
4,-0.864050
0
2,0.347973
4,-0.349005
8
4,0.326687
5,0.817107
0
3,-0.202675
6,-0.576678
11
8,0.206335
8,-0.764890
9
9,-0.456666
9,-0.407162
9
5,0.634401
7,0.292326
0
11,0.500831
6,0.434174
2
9,0.710634
10,-0.016262
6
7,0.627726
10,-0.980009
9
13,-0.939431
9,-0.020562
3
14,-0.193231
12,-0.009653
5
16,0.670241
15,-0.295320
3
17,-0.953743
15,0.966411
18,