numInputs,2
numNodes,23
numOutputs,1
arity,2
functionSet,add,sub,mul,div,sq,sqrt,tanh,1,0,wire,sin,cos,min,max
0
0,0.288280
1,-0.686815
7
1,0.231419
0,0.388249
8
3,-0.209285
2,-0.315892
3
3,-0.999967
2,0.973785
0
3,0.310991
4,-0.800337
3
6,0.386021
2,-0.807362
3
6,-0.922199
2,0.019844
11
1,-0.182881
6,0.168860
4
5,-0.731505
3,-0.704579
6
7,0.994601
3,-0.277961
3
2,-0.102688
3,0.807393
6
3,-0.343875
12,-0.980897
3
8,-0.274538
11,-0.387199
12
13,-0.854834
9,-0.228379
0
15,0.657684
13,-0.891974
3
11,0.731686
10,0.503642
10
14,-0.899439
11,-0.597965
1
17,-0.330055
6,-0.434192
1
18,0.188294
19,-0.286255
1
16,0.774928
17,-0.956558
10
20,0.897899
20,0.703575
3
21,0.439171
22,0.215080
12
5,-0.094407
23,0.708443
24,