numInputs,2
numNodes,15
numOutputs,1
arity,2
functionSet,add,sub,mul,div,sq,sqrt,tanh,1,0,wire,sin,cos,min,max
5
0,-0.898758
0,0.430202
2
2,0.230585
1,-0.998583
5
3,0.809419
0,0.924473
4
2,0.918758
3,0.491626
12
1,0.919333
0,-0.949737
3
1,-0.095328
4,-0.686270
3
6,-0.369126
7,0.069189
3
7,0.041069
1,0.528645
12
5,-0.715852
8,-0.836720
10
10,0.325668
6,0.312779
11
11,-0.212222
3,-0.179075
11
9,0.795069
0,-0.659118
11
13,-0.546681
12,0.555984
9
14,-0.913376
14,-0.905792
3
12,-0.876186
15,0.095574
16,