numInputs,2
numNodes,17
numOutputs,1
arity,2
functionSet,add,sub,mul,div,sq,sqrt,tanh,1,0,wire,sin,cos,min,max
1
0,-0.854406
1,0.989147
5
1,-0.839411
2,-0.564576
11
2,0.661394
2,0.993093
2
3,0.709412
2,0.965354
4
1,-0.008224
2,-0.938033
2
6,-0.705700
2,-0.557544
5
4,-0.030535
0,-0.616695
1
6,-0.665986
7,0.843096
0
5,-0.571552
2,0.719501
8
3,-0.058472
8,-0.538046
2
8,0.672864
11,-0.369120
5
9,0.607704
4,-0.025290
5
13,-0.917855
11,0.337690
10
14,-0.482740
1,0.397153
6
10,-0.262446
13,-0.196140
12
16,0.999116
12,-0.628140
13
17,0.630164
15,0.502218
18,