numInputs,2
numNodes,15
numOutputs,1
arity,2
functionSet,add,sub,mul,div,sq,sqrt,tanh,1,0,wire,sin,cos,min,max
9
0,0.827224
1,-0.712075
3
2,0.376231
1,-0.906604
6
0,-0.065399
3,-0.435065
3
2,-0.513425
0,0.423901
10
1,-0.936004
5,0.260550
12
1,-0.797081
5,0.674332
13
6,0.249202
4,-0.623852
5
2,-0.630985
6,0.293707
0
8,-0.480979
7,-0.114602
9
10,0.619322
10,0.837136
4
11,-0.197487
6,0.776159
7
12,-0.858209
12,0.774407
2
12,-0.087441
9,-0.589959
10
14,-0.890369
12,0.589255
1
13,-0.214634
15,0.036502
16,