numInputs,2
numNodes,18
numOutputs,1
arity,2
functionSet,add,sub,mul,div,sq,sqrt,tanh,1,0,wire,sin,cos,min,max
10
1,-0.517142
0,0.671415
12
0,0.054138
1,0.858803
8
1,-0.577038
2,0.815621
12
1,-0.005751
2,-0.219944
5
4,-0.311652
1,-0.772764
2
1,0.384474
3,-0.359429
0
6,0.602534
5,0.337475
2
8,-0.792535
2,-0.050509
6
4,-0.782376
2,0.335917
3
10,-0.993789
8,0.409219
6
11,-0.213268
9,-0.279506
6
1,-0.169929
7,-0.058234
5
0,0.492331
12,0.701370
3
14,-0.899035
12,-0.854262
10
15,-0.519130
15,-0.567856
4
13,0.410332
11,-0.883140
11
17,0.458078
15,-0.137798
12
16,-0.920766
18,-0.495624
19,