numInputs,2
numNodes,19
numOutputs,1
arity,2
functionSet,add,sub,mul,div,sq,sqrt,tanh,1,0,wire,sin,cos,min,max
2
1,-0.885398
1,-0.623727
12
0,0.059483
1,-0.635087
6
1,0.701424
0,-0.268609
8
2,0.500178
4,0.101310
13
5,-0.195807
3,-0.485815
0
3,0.221361
1,-0.940586
2
2,0.747280
7,-0.906646
3
8,-0.511526
4,0.431523
1
9,0.764230
5,0.217225
9
10,-0.513816
9,0.668189
2
11,-0.399300
6,0.171303
7
11,-0.000341
11,0.345554
7
11,-0.273565
10,-0.518466
4
12,0.545352
9,0.199589
13
15,0.764897
13,0.637037
9
14,0.167268
11,0.492194
4
17,0.349382
16,-0.724926
2
16,-0.855501
18,-0.974915
4
19,-0.733291
11,-0.423599
20,