numInputs,2
numNodes,28
numOutputs,1
arity,2
functionSet,add,sub,mul,div,sq,sqrt,tanh,1,0,wire,sin,cos,min,max
0
0,0.777947
1,-0.771624
1
0,0.583264
0,0.765136
4
3,0.541050
3,-0.246816
2
4,-0.063996
2,-0.270198
8
1,-0.255692
3,0.205477
5
2,-0.160712
2,-0.023039
3
4,-0.125863
0,-0.714582
10
7,-0.797199
5,0.821237
4
5,0.393886
9,-0.746952
12
0,0.208467
9,0.222055
2
6,-0.364280
7,0.721770
6
6,-0.792790
1,-0.285615
5
10,-0.957570
5,0.443470
5
8,0.081782
13,-0.553269
4
15,-0.714361
3,-0.155817
13
11,-0.405877
16,-0.502915
8
16,-0.034553
17,0.286214
8
15,0.410457
16,0.088130
3
17,0.005542
9,-0.040897
6
19,0.577849
14,-0.216040
10
20,0.903701
5,-0.201296
6
13,-0.313634
21,-0.874203
4
12,-0.680016
22,0.948745
6
22,-0.188730
17,0.599790
12
25,-0.549727
23,-0.951017
0
26,0.696200
18,0.522369
9
24,-0.287537
21,0.519665
12
27,-0.028513
28,0.745166
29,