numInputs,2
numNodes,16
numOutputs,1
arity,2
functionSet,add,sub,mul,div,sq,sqrt,tanh,1,0,wire,sin,cos,min,max
5
1,0.431399
0,-0.322831
3
1,-0.868062
2,-0.444845
9
3,-0.095309
1,-0.653943
6
0,-0.029981
4,-0.279875
0
2,0.799884
5,0.174165
4
6,-0.670408
3,0.958937
7
0,-0.198236
5,-0.571655
8
2,-0.111369
6,0.393780
3
2,-0.962455
8,0.784899
6
7,-0.112119
2,0.963340
1
9,0.514845
4,0.957869
10
4,-0.702471
3,-0.687157
3
13,0.012421
11,-0.505858
11
10,-0.235167
1,0.979067
12
12,-0.207317
15,0.971453
13
16,0.363356
14,0.689017
17,