numInputs,2
numNodes,21
numOutputs,1
arity,2
functionSet,add,sub,mul,div,sq,sqrt,tanh,1,0,wire,sin,cos,min,max
10
1,-0.901608
0,-0.802116
9
2,0.514577
2,0.398183
0
0,0.126128
0,-0.248369
9
1,-0.803077
0,0.610910
6
3,-0.646094
1,-0.845804
3
2,-0.380266
6,0.413915
9
5,-0.103887
5,0.370141
4
3,-0.777947
7,0.929468
2
9,-0.168881
5,0.497872
2
7,-0.058554
0,-0.096433
0
6,0.484112
4,0.306109
11
8,-0.230396
9,0.534039
10
11,-0.403567
10,-0.192087
4
12,0.444851
10,0.419428
1
14,0.560061
13,-0.144599
9
15,-0.117258
6,-0.623204
6
17,0.630007
10,-0.934673
3
0,-0.192617
16,-0.079822
5
19,0.896391
10,0.641345
12
4,-0.786974
20,0.791469
13
21,-0.884115
18,-0.143951
22,