numInputs,2
numNodes,17
numOutputs,1
arity,2
functionSet,add,sub,mul,div,sq,sqrt,tanh,1,0,wire,sin,cos,min,max
9
1,-0.373115
1,0.815453
10
1,-0.602573
2,-0.427002
6
0,0.100109
3,0.415932
4
4,-0.742864
4,0.929851
13
2,-0.521253
0,-0.188657
10
5,-0.312870
6,-0.581687
13
2,-0.817472
6,0.085806
13
7,0.168078
8,0.060411
2
7,-0.298750
9,0.135113
7
7,0.326777
8,0.601419
9
10,0.227995
6,-0.019953
6
12,0.046845
11,0.007745
9
10,0.077485
12,-0.940683
4
14,0.499634
12,0.559277
12
13,0.985436
6,-0.393037
11
15,-0.456590
10,0.543401
0
16,-0.599411
17,-0.516718
18,