numInputs,2
numNodes,31
numOutputs,1
arity,2
functionSet,add,sub,mul,div,sq,sqrt,tanh,1,0,wire,sin,cos,min,max
10
0,-0.642504
1,-0.036614
4
1,-0.272011
0,0.707232
4
0,-0.985791
1,0.946779
7
1,0.594529
2,-0.880741
3
3,0.351993
4,0.264499
11
1,-0.995533
4,-0.319479
5
0,0.875236
5,-0.021602
1
2,0.141208
0,0.450998
3
6,-0.044099
2,-0.606920
4
8,0.838354
8,-0.052480
12
6,0.660380
11,0.976747
1
10,-0.801509
11,0.832176
9
1,-0.943944
12,-0.450401
5
13,0.294811
5,-0.677049
1
15,0.707951
8,0.807989
0
9,0.941077
14,0.218041
3
5,-0.284455
10,0.568235
5
12,0.799743
13,0.318219
2
19,-0.712469
16,-0.153476
10
15,-0.688237
18,0.281015
7
11,-0.493108
18,-0.474299
9
18,-0.872894
8,-0.009868
11
7,0.235516
7,-0.369864
3
22,-0.684272
23,-0.288712
0
25,-0.328853
24,0.770644
4
21,0.217651
1,-0.921471
11
27,0.614872
12,0.728459
1
24,-0.251643
20,0.504258
3
29,0.663825
17,0.857601
6
26,-0.399687
30,-0.658021
3
28,-0.600551
31,0.172719
32,