numInputs,2
numNodes,19
numOutputs,1
arity,2
functionSet,add,sub,mul,div,sq,sqrt,tanh,1,0,wire,sin,cos,min,max
4
0,-0.001136
1,0.500474
4
2,0.159341
2,-0.958919
6
0,0.247893
1,-0.859645
5
3,0.395200
2,0.326472
11
2,0.367808
4,0.136227
9
6,0.986115
2,0.646762
9
4,0.978856
4,0.620626
9
6,0.128517
6,-0.880702
11
5,-0.586146
2,-0.481438
0
0,-0.322385
8,0.343285
11
9,0.750695
8,0.167894
6
12,0.589334
11,0.029552
10
13,-0.474169
8,-0.418722
0
4,0.411232
7,0.144127
4
15,-0.907360
14,-0.015140
6
10,-0.607567
14,0.707704
9
16,-0.390684
13,0.436413
10
18,-0.174606
16,-0.719577
3
19,0.681102
17,0.856252
20,