numInputs,2
numNodes,20
numOutputs,1
arity,2
functionSet,add,sub,mul,div,sq,sqrt,tanh,1,0,wire,sin,cos,min,max
7
1,0.571457
0,-0.328750
2
1,0.024294
1,-0.228405
10
3,0.229953
3,-0.328918
0
0,0.787807
0,-0.958170
2
2,0.152444
4,-0.583310
4
1,-0.934432
1,-0.506598
9
2,-0.626651
1,-0.911578
9
7,0.738891
0,0.749955
5
2,-0.039244
9,0.790199
0
9,0.127454
9,-0.223698
12
11,-0.385760
5,-0.936524
6
8,-0.422997
6,0.757252
5
13,0.653328
3,0.455370
9
14,0.269045
13,0.339381
11
11,-0.527413
6,-0.132486
6
10,-0.064460
12,0.872332
10
16,-0.532504
12,0.977264
12
18,-0.616137
15,0.764005
12
19,0.760584
17,-0.937549
5
20,0.474298
2,0.976617
21,