numInputs,2
numNodes,17
numOutputs,1
arity,2
functionSet,add,sub,mul,div,sq,sqrt,tanh,1,0,wire,sin,cos,min,max
4
1,0.910040
0,-0.844159
13
2,-0.239829
0,0.014242
5
0,-0.158625
0,0.429156
4
3,0.781155
3,-0.449687
8
5,-0.082005
5,-0.504673
7
4,0.929146
5,-0.032083
4
5,0.967974
6,0.723027
2
5,-0.988576
6,0.789125
13
9,0.625857
4,0.029402
11
6,-0.773837
0,0.639334
0
10,-0.536159
11,0.590702
3
7,-0.855432
8,-0.547583
2
5,-0.669361
12,-0.196341
11
13,0.534434
12,-0.714192
4
14,0.874199
15,-0.301741
11
16,-0.234896
15,0.295161
2
15,-0.691721
17,0.597080
18,