numInputs,2
numNodes,16
numOutputs,1
arity,2
functionSet,add,sub,mul,div,sq,sqrt,tanh,1,0,wire,sin,cos,min,max
6
0,0.239047
1,-0.703254
7
0,-0.566904
2,0.520306
6
2,-0.250474
0,0.770215
4
2,0.677310
1,-0.540969
0
5,-0.558642
0,-0.091619
9
1,-0.393995
6,-0.382331
12
4,-0.959285
2,0.425584
4
8,-0.755197
1,0.551867
12
7,-0.101832
5,0.975264
1
9,-0.803035
3,0.891013
3
6,-0.077056
11,0.981087
12
1,0.544745
4,-0.694036
12
5,0.104418
12,-0.965769
0
10,-0.886010
14,0.756042
0
15,-0.970793
6,0.141793
2
13,0.769007
16,-0.330293
17,