numInputs,2
numNodes,16
numOutputs,1
arity,2
functionSet,add,sub,mul,div,sq,sqrt,tanh,1,0,wire,sin,cos,min,max
1
0,-0.856977
1,-0.767974
11
1,0.843317
2,-0.055060
12
1,-0.203641
0,-0.236709
0
3,-0.483134
1,0.211826
5
4,0.845163
2,-0.536425
5
0,-0.865646
1,0.509486
12
5,-0.254012
6,0.953636
0
2,-0.850355
7,0.325890
9
8,0.814657
6,-0.389524
11
10,0.613507
2,-0.446306
0
4,0.589892
9,-0.319893
1
0,-0.882331
1,-0.213627
2
11,0.792117
12,0.524424
0
14,-0.859912
13,-0.538906
5
15,-0.276644
15,0.593764
11
16,0.205492
16,-0.759370
17,