numInputs,2
numNodes,31
numOutputs,1
arity,2
functionSet,add,sub,mul,div,sq,sqrt,tanh,1,0,wire,sin,cos,min,max
9
0,0.545400
0,-0.092977
13
2,-0.077636
1,-0.388046
10
2,-0.575967
2,0.786874
5
2,-0.673373
0,-0.479175
8
4,-0.944159
5,0.162887
13
5,-0.122750
6,-0.862246
3
1,-0.401743
5,0.168823
1
1,0.644139
7,-0.894196
3
3,0.697824
8,-0.845163
0
3,-0.096925
4,0.994601
4
10,0.794673
3,-0.626448
13
10,0.137856
4,-0.103003
4
9,0.384038
13,-0.274229
1
8,-0.252424
13,0.183904
13
3,-0.259357
12,0.542257
9
12,-0.308062
14,-0.469166
11
14,0.782557
13,0.961996
4
11,0.703890
4,0.959278
12
7,0.207879
17,0.161969
4
14,0.257754
15,0.125849
13
16,-0.116671
19,-0.078889
13
21,-0.883912
15,-0.705878
11
0,0.704526
17,0.401396
12
20,0.047212
7,-0.982154
2
4,0.953480
23,-0.433485
13
18,-0.419281
24,-0.880770
13
27,0.750971
26,-0.296193
2
28,0.612381
22,0.796972
11
29,-0.265001
8,-0.454736
4
25,-0.182880
30,0.752112
3
31,0.592242
30,0.811203
32,