numInputs,2
numNodes,24
numOutputs,1
arity,2
functionSet,add,sub,mul,div,sq,sqrt,tanh,1,0,wire,sin,cos,min,max
7
0,-0.907487
0,0.975761
9
2,-0.941973
0,0.732776
12
3,-0.598775
0,-0.838510
12
0,0.301009
4,-0.791570
0
3,0.732761
4,-0.632829
0
6,0.315405
4,0.777174
5
6,-0.169435
1,0.232961
7
0,-0.302407
0,0.398299
3
0,-0.039170
4,0.289210
3
10,0.041700
8,-0.137594
9
5,-0.374553
3,-0.290325
11
11,-0.875464
3,0.701666
11
8,-0.075336
4,0.945376
13
7,0.642292
13,0.656599
1
4,-0.496679
5,0.741002
0
2,0.710355
13,0.582877
13
12,0.191723
14,0.358160
10
13,-0.256703
1,-0.549989
13
9,0.937810
17,-0.635004
13
15,-0.622190
18,0.569485
0
19,-0.770124
16,-0.047078
13
22,0.001817
21,-0.457554
11
23,-0.280208
15,0.551280
6
20,0.518005
24,-0.410894
25,