numInputs,2
numNodes,21
numOutputs,1
arity,2
functionSet,add,sub,mul,div,sq,sqrt,tanh,1,0,wire,sin,cos,min,max
3
0,-0.726833
1,-0.410955
1
0,-0.457693
2,-0.931990
10
2,0.848200
1,0.999049
11
1,0.292461
1,0.791331
9
4,0.569818
3,0.899126
4
2,0.966358
4,0.299912
11
3,-0.958245
2,-0.973403
1
3,-0.599746
7,0.445876
9
9,0.518646
2,-0.620865
2
10,-0.242752
2,-0.954678
13
5,-0.000459
9,-0.798218
11
3,0.672633
7,0.454754
9
12,0.389062
11,0.677141
6
6,-0.854605
14,0.224745
4
13,0.293622
10,-0.772091
2
8,-0.349458
16,-0.288799
10
9,-0.564097
8,0.876165
9
11,0.240304
16,-0.156347
0
18,-0.387456
19,-0.707758
0
17,-0.370245
20,0.953754
3
15,0.328195
21,-0.351098
22,