numInputs,2
numNodes,16
numOutputs,1
arity,2
functionSet,add,sub,mul,div,sq,sqrt,tanh,1,0,wire,sin,cos,min,max
9
1,-0.064186
0,-0.042832
10
0,-0.951116
2,-0.084116
2
0,0.903330
3,-0.105120
4
3,0.403991
0,0.222660
12
5,0.809988
1,0.288967
10
5,-0.623163
5,-0.169369
5
1,0.774890
0,0.774114
12
2,-0.265131
4,-0.592087
2
6,0.384090
3,0.457025
0
9,-0.101913
8,-0.426550
2
7,-0.256906
9,0.737206
2
11,-0.802442
10,-0.373865
10
12,-0.038137
13,-0.697739
10
13,-0.114241
12,-0.878184
4
14,0.248742
8,-0.048944
6
16,-0.951407
15,0.919311
17,