numInputs,2
numNodes,16
numOutputs,1
arity,2
functionSet,add,sub,mul,div,sq,sqrt,tanh,1,0,wire,sin,cos,min,max
11
0,0.196406
1,-0.457037
11
2,0.321714
2,0.796219
6
3,-0.916649
0,0.445002
2
3,-0.264553
1,-0.488880
1
5,0.701209
0,0.877198
1
4,-0.885611
6,-0.788036
11
1,-0.109364
3,0.788013
1
1,0.386395
8,0.641434
11
9,0.876854
6,0.423748
11
7,0.913309
4,0.653683
8
9,-0.402576
1,0.899529
12
11,-0.674107
12,0.504246
8
13,0.887479
13,0.442535
1
3,0.776165
14,0.143171
0
15,0.891064
13,0.170640
13
10,0.957958
16,-0.135186
17,