numInputs,2
numNodes,26
numOutputs,1
arity,2
functionSet,add,sub,mul,div,sq,sqrt,tanh,1,0,wire,sin,cos,min,max
5
0,0.569842
1,-0.723923
5
0,0.203515
1,-0.875036
12
0,-0.033255
0,0.692776
4
1,-0.667096
0,-0.986255
12
0,-0.484976
3,-0.815702
13
4,0.941355
1,-0.942141
0
1,-0.584692
3,-0.633479
7
4,-0.357120
8,0.985734
9
1,-0.662015
7,0.957973
6
5,0.595930
9,-0.477355
9
2,-0.237799
1,0.520215
5
11,0.524640
12,0.096294
9
10,0.722183
5,0.140938
1
7,-0.471748
14,-0.245747
11
6,0.199031
13,-0.857223
5
0,-0.248952
16,-0.805345
4
11,0.690150
8,0.018832
6
17,0.065045
13,0.225984
1
19,-0.281296
15,0.304646
3
17,0.835959
18,-0.092000
9
16,-0.374596
5,-0.637374
2
20,-0.720822
8,-0.182151
0
12,-0.966951
21,0.357571
6
22,0.357180
24,-0.946789
0
23,-0.663482
25,-0.772893
10
26,-0.629309
23,-0.123931
27,