numInputs,2
numNodes,19
numOutputs,1
arity,2
functionSet,add,sub,mul,div,sq,sqrt,tanh,1,0,wire,sin,cos,min,max
10
1,0.976794
0,-0.199066
9
2,0.923705
1,-0.383096
6
2,-0.938375
3,-0.326597
12
2,-0.179163
0,0.164532
6
4,-0.685734
4,0.863498
2
6,0.206004
4,-0.196476
4
6,-0.267396
4,0.455726
2
0,-0.979103
7,-0.826936
7
5,0.013434
7,-0.331900
12
5,-0.826184
4,0.713878
2
11,-0.860727
10,-0.841769
11
9,-0.787949
2,-0.040018
7
13,0.969038
13,0.375158
13
12,-0.832666
14,0.794695
11
13,-0.122558
13,-0.668143
6
8,-0.395154
15,-0.788305
10
17,0.482468
13,0.699914
11
18,-0.421408
18,0.572868
13
16,0.966852
19,0.105261
20,