numInputs,2
numNodes,18
numOutputs,1
arity,2
functionSet,add,sub,mul,div,sq,sqrt,tanh,1,0,wire,sin,cos,min,max
11
0,0.889163
0,-0.310116
12
1,-0.776716
0,0.968652
0
3,-0.581820
1,-0.794468
3
1,-0.406746
2,0.047686
3
5,-0.179386
2,-0.401651
6
5,-0.249458
6,-0.133282
11
2,0.783189
0,-0.930343
10
1,-0.772658
7,-0.589776
10
7,-0.631902
3,0.665017
1
4,0.815783
10,-0.085495
4
9,0.641195
9,-0.102311
2
12,0.887487
8,0.673443
6
9,-0.288713
4,0.882152
4
11,0.286530
13,0.592681
5
14,0.125281
13,-0.090429
1
16,0.426561
13,0.328294
10
15,0.783011
15,-0.428389
12
18,0.301409
17,-0.032415
19,