numInputs,2
numNodes,23
numOutputs,1
arity,2
functionSet,add,sub,mul,div,sq,sqrt,tanh,1,0,wire,sin,cos,min,max
9
0,0.898275
1,-0.925302
11
0,0.117505
1,0.060840
6
0,0.546494
2,-0.591343
0
1,0.442448
1,-0.858004
5
0,-0.304910
1,-0.126541
10
6,0.793323
3,0.891969
1
2,-0.568784
4,0.979266
4
1,0.035294
8,-0.366478
13
2,0.233919
1,-0.113300
2
0,0.734046
9,-0.666259
3
8,-0.667811
3,0.358615
7
9,-0.493614
5,0.788040
0
13,-0.020461
3,-0.787589
11
8,0.674226
13,0.151350
13
11,-0.897234
7,-0.042786
0
15,0.379690
16,0.236529
0
12,0.734403
5,-0.357906
11
17,-0.341018
10,-0.325473
4
7,0.493978
14,0.219684
3
18,0.862290
19,0.108898
12
10,-0.635192
14,-0.218775
12
22,0.448797
20,-0.753038
3
23,-0.980613
21,0.623838
24,