numInputs,2
numNodes,19
numOutputs,1
arity,2
functionSet,add,sub,mul,div,sq,sqrt,tanh,1,0,wire,sin,cos,min,max
13
1,0.762491
1,-0.370850
4
2,0.975477
2,-0.129614
10
3,-0.666168
3,0.983056
1
3,-0.105726
0,0.124400
7
0,-0.471592
3,0.563060
13
1,0.801507
6,0.572103
6
6,-0.178082
5,0.920035
13
3,-0.639434
7,-0.834137
12
8,0.467731
4,0.420055
11
6,0.823675
10,-0.151795
10
9,-0.797502
10,-0.569348
6
3,-0.767081
10,-0.337367
2
0,-0.453251
11,-0.589649
7
14,0.407353
6,-0.517745
2
13,-0.101695
15,0.063877
2
12,0.604317
14,0.057914
10
17,0.891364
13,0.385379
0
16,0.388651
18,0.302135
9
19,0.562814
18,-0.661193
20,