numInputs,2
numNodes,29
numOutputs,1
arity,2
functionSet,add,sub,mul,div,sq,sqrt,tanh,1,0,wire,sin,cos,min,max
11
1,-0.563320
1,-0.394313
3
2,-0.364212
0,0.905484
10
3,0.745260
0,-0.228573
2
0,-0.908017
0,-0.208020
11
2,0.705810
3,0.259515
11
1,0.810766
2,0.157781
10
4,0.681744
1,-0.203227
11
1,-0.794420
3,0.624657
4
1,0.452681
6,-0.638894
6
9,0.961455
6,-0.020782
10
5,-0.388641
3,0.486787
6
7,-0.635109
10,-0.527212
3
9,-0.218782
4,0.668867
5
13,-0.932084
13,-0.001377
9
5,-0.701985
15,-0.211717
1
16,0.999849
14,-0.882639
9
7,-0.597316
13,-0.461149
13
15,0.818811
11,0.445558
6
12,-0.130984
12,0.833514
5
20,-0.631243
14,-0.225152
13
18,-0.831692
6,-0.606311
4
22,-0.187379
21,0.383859
12
23,0.966617
8,-0.805422
13
19,-0.687151
21,0.481294
12
17,-0.225819
24,-0.026891
3
25,-0.136652
26,-0.349402
11
27,-0.877469
25,0.704900
10
28,0.374447
28,0.996514
0
29,0.388158
13,-0.052580
30,