numInputs,2
numNodes,16
numOutputs,1
arity,2
functionSet,add,sub,mul,div,sq,sqrt,tanh,1,0,wire,sin,cos,min,max
6
1,0.377462
1,0.703169
8
1,-0.157521
2,-0.507545
8
2,0.102585
3,-0.676551
9
2,-0.551197
3,0.229569
5
1,-0.339979
3,0.145369
4
1,-0.423951
6,-0.901159
13
4,-0.802865
7,-0.309806
3
5,0.396880
6,-0.842989
13
9,-0.780559
4,-0.987837
0
8,0.198113
6,-0.323055
3
11,0.234694
0,-0.938698
1
3,-0.917275
12,0.500884
8
12,-0.160936
12,-0.355934
0
10,0.751403
14,0.200503
10
13,-0.256036
12,0.684490
6
16,-0.933732
15,0.681832
17,