numInputs,2
numNodes,25
numOutputs,1
arity,2
functionSet,add,sub,mul,div,sq,sqrt,tanh,1,0,wire,sin,cos,min,max
12
0,0.442684
1,-0.112445
4
1,-0.979536
1,-0.792221
6
2,-0.477277
2,-0.932518
13
3,-0.746249
0,0.964725
3
2,-0.682705
0,-0.253449
4
5,-0.782114
5,-0.035188
0
4,0.306528
6,0.718655
12
7,-0.054430
7,-0.610945
13
3,-0.195941
1,-0.144686
6
8,-0.732601
4,-0.711484
9
7,0.412053
3,-0.065485
3
12,0.786051
5,-0.737352
13
11,0.187016
13,-0.354096
12
2,0.302941
9,-0.009759
3
1,-0.400576
10,-0.876575
10
5,-0.135613
15,0.875258
5
15,-0.954728
16,0.191519
4
14,0.224355
15,-0.543787
5
17,0.126213
16,-0.257201
1
19,0.029311
16,-0.893291
0
21,0.208597
18,-0.517958
1
22,0.847101
20,-0.678907
10
23,0.890863
21,-0.200207
9
24,-0.336336
23,0.615489
11
25,-0.055105
23,0.599895
26,