numInputs,2
numNodes,17
numOutputs,1
arity,2
functionSet,add,sub,mul,div,sq,sqrt,tanh,1,0,wire,sin,cos,min,max
4
1,-0.911901
0,0.824425
10
1,0.881065
0,-0.844024
3
0,0.994495
2,0.707598
1
0,-0.215386
1,0.867051
6
5,-0.788953
1,-0.769548
6
3,-0.943493
2,0.835042
6
3,0.686197
2,0.555730
6
7,0.700843
7,-0.262794
6
5,0.370223
2,-0.190064
3
5,-0.525367
4,-0.042520
3
8,0.766547
6,-0.899258
13
12,0.058088
10,-0.082166
11
13,0.849406
11,0.237192
3
14,-0.426636
9,0.194596
3
11,-0.217636
15,0.506010
5
16,0.263609
16,0.103020
10
17,-0.578583
15,0.344127
18,