numInputs,2
numNodes,16
numOutputs,1
arity,2
functionSet,add,sub,mul,div,sq,sqrt,tanh,1,0,wire,sin,cos,min,max
9
0,0.876980
1,-0.759102
2
0,0.551540
2,0.622863
2
3,0.220826
3,0.354241
3
1,-0.358036
4,-0.332747
2
5,-0.545658
2,-0.955961
5
1,-0.862067
0,0.853309
11
6,-0.368591
1,0.750735
13
7,0.738431
5,0.868639
10
9,-0.107990
2,-0.777525
10
3,0.764215
1,-0.877384
5
2,-0.695993
11,0.275953
12
8,0.546603
11,0.119556
11
12,0.332748
11,-0.665323
5
13,0.127344
14,-0.445325
6
14,0.768503
15,-0.624356
3
10,0.343191
16,0.188977
17,