numInputs,2
numNodes,19
numOutputs,1
arity,2
functionSet,add,sub,mul,div,sq,sqrt,tanh,1,0,wire,sin,cos,min,max
1
0,0.654356
1,0.484620
5
0,0.940580
2,-0.792398
7
2,-0.894073
0,0.356466
3
4,-0.565042
3,-0.433791
10
3,-0.744731
3,0.573419
6
6,-0.699014
2,-0.036211
8
4,0.168582
6,-0.799967
0
3,-0.855155
1,0.400523
11
9,0.604951
3,0.859531
9
5,0.266192
3,-0.763411
11
10,0.501280
0,-0.598080
2
7,-0.061668
1,-0.292888
3
12,0.270952
13,0.650319
2
5,-0.925991
14,-0.545310
0
5,0.790405
15,0.196595
11
8,-0.843350
15,0.509100
3
11,-0.035566
16,0.383848
12
8,-0.925704
17,-0.376126
6
18,0.780587
19,-0.940217
20,