numInputs,2
numNodes,15
numOutputs,1
arity,2
functionSet,add,sub,mul,div,sq,sqrt,tanh,1,0,wire,sin,cos,min,max
5
1,-0.712097
1,-0.549985
13
0,0.486387
0,-0.272400
4
3,-0.078757
3,0.145954
12
3,-0.352225
1,-0.349150
2
5,-0.216792
4,-0.376300
3
3,-0.891321
2,-0.086775
7
6,-0.847268
4,-0.963676
7
0,0.768055
7,0.248799
6
8,-0.502785
6,0.521308
10
7,-0.723593
10,0.351310
0
10,-0.422172
9,-0.706800
4
11,-0.463589
10,0.194311
8
8,-0.908192
10,-0.473209
0
14,0.933221
12,0.732464
1
13,0.910553
15,-0.229776
16,