numInputs,2
numNodes,19
numOutputs,1
arity,2
functionSet,add,sub,mul,div,sq,sqrt,tanh,1,0,wire,sin,cos,min,max
4
1,0.809421
1,0.136235
0
0,-0.621583
1,-0.687946
8
2,0.445920
1,0.196963
1
2,0.354473
3,0.814410
9
5,0.416187
4,-0.375599
13
3,0.008989
5,-0.950836
9
0,0.654388
2,0.307892
2
5,-0.998388
6,-0.113982
0
8,-0.436045
9,0.125278
11
9,0.716723
1,0.902726
11
3,0.136777
7,0.920086
13
11,0.081687
4,-0.665280
10
10,-0.523631
0,-0.616692
1
7,0.539480
10,-0.001225
2
0,-0.909822
6,-0.164447
0
13,-0.238218
12,-0.672389
2
16,0.827797
17,-0.367489
0
15,0.293246
18,-0.502313
13
19,0.712599
14,0.218610
20,