numInputs,2
numNodes,24
numOutputs,1
arity,2
functionSet,add,sub,mul,div,sq,sqrt,tanh,1,0,wire,sin,cos,min,max
5
1,0.398360
1,0.317532
8
1,-0.947512
0,-0.182714
5
3,0.091708
0,0.663037
5
4,-0.506096
1,-0.241854
11
1,0.766127
5,-0.922506
9
1,-0.595702
2,-0.346434
9
7,-0.896810
5,-0.976073
6
4,0.488568
0,-0.065031
0
6,-0.776391
2,0.999954
1
8,-0.537791
9,0.187786
13
11,0.991211
3,0.215297
11
5,0.514032
10,-0.138523
0
12,0.103075
13,-0.823810
1
6,0.178913
2,-0.302110
8
14,-0.061576
13,-0.391703
11
14,-0.182787
13,-0.219347
4
16,-0.924890
14,0.743995
12
15,0.701451
18,-0.965681
5
0,-0.676599
13,0.078052
4
10,-0.922919
14,-0.121547
3
19,-0.057505
17,0.723739
0
20,-0.196699
22,-0.912661
9
21,0.318528
5,-0.280085
1
23,-0.366345
24,0.564134
25,