numInputs,2
numNodes,17
numOutputs,1
arity,2
functionSet,add,sub,mul,div,sq,sqrt,tanh,1,0,wire,sin,cos,min,max
6
1,0.143687
0,-0.219653
3
0,-0.538744
0,0.078671
4
0,0.942938
3,0.156419
4
2,-0.752372
4,-0.031483
10
4,0.580865
2,-0.004646
1
6,0.135745
3,-0.922542
5
7,0.287202
6,-0.478647
11
8,-0.048852
6,0.627043
10
5,0.370194
9,-0.007044
4
5,-0.105103
6,-0.151248
11
9,0.446221
10,0.946401
10
10,-0.736562
5,-0.997825
1
13,0.786385
12,-0.319136
12
11,0.820697
14,-0.138869
5
15,-0.612644
4,0.477727
5
16,0.349431
16,0.261550
5
17,-0.934053
15,0.220684
18,