numInputs,2
numNodes,15
numOutputs,1
arity,2
functionSet,add,sub,mul,div,sq,sqrt,tanh,1,0,wire,sin,cos,min,max
1
1,-0.822505
0,0.255447
2
2,-0.565260
2,-0.087374
1
3,-0.692945
2,0.220654
1
0,-0.315327
4,-0.613093
2
4,-0.957471
2,0.215309
13
1,-0.024596
6,-0.203954
0
3,0.612696
2,0.631329
13
8,-0.445447
5,0.463982
7
4,-0.379440
4,0.823448
9
7,0.536383
7,0.710859
0
9,0.975608
11,0.352689
5
12,0.297408
4,0.360000
13
10,0.819892
13,-0.971186
5
14,0.390156
14,-0.931190
11
15,-0.725088
13,-0.888635
16,