numInputs,2
numNodes,27
numOutputs,1
arity,2
functionSet,add,sub,mul,div,sq,sqrt,tanh,1,0,wire,sin,cos,min,max
11
1,0.050972
0,-0.547646
0
0,-0.972402
2,-0.882224
11
0,0.770205
3,0.348977
1
3,0.965440
2,-0.610652
0
5,-0.689607
5,0.608496
9
6,0.596068
4,-0.803405
9
4,-0.025829
2,-0.018254
3
8,-0.124128
3,-0.226394
6
9,-0.794452
8,0.521361
12
3,-0.318781
3,-0.944041
3
2,0.204916
1,-0.213198
8
12,-0.223197
2,-0.446579
12
4,-0.555213
7,0.457010
2
9,-0.140454
6,-0.832131
2
13,-0.318397
15,-0.007518
11
16,0.276918
5,0.574272
0
10,0.606169
10,-0.158445
10
10,-0.395694
9,0.120969
5
17,-0.881645
1,0.699390
0
9,-0.537301
12,-0.235066
0
19,-0.826040
20,0.795327
0
14,0.557792
22,-0.995275
3
11,-0.985808
18,0.604542
12
23,-0.233788
21,-0.194463
7
23,-0.563665
25,-0.637118
3
26,0.579023
25,0.833204
2
24,-0.546303
27,-0.323798
28,