numInputs,2
numNodes,26
numOutputs,1
arity,2
functionSet,add,sub,mul,div,sq,sqrt,tanh,1,0,wire,sin,cos,min,max
1
0,-0.752478
1,-0.051547
7
0,0.535941
1,-0.834458
7
3,0.906366
3,0.343667
0
1,-0.831042
3,0.706375
0
4,0.157053
0,-0.690630
1
1,-0.684063
6,-0.022066
7
4,0.140697
6,-0.622588
9
6,0.403181
6,-0.045940
12
7,0.280685
9,0.168241
0
6,0.424081
2,-0.799131
5
10,0.607346
2,0.137581
3
12,0.855095
3,-0.561275
0
9,-0.232154
12,0.457687
8
13,-0.210263
10,0.578025
4
11,-0.418567
3,0.767440
2
5,-0.240495
13,0.001167
13
15,-0.468540
16,0.582630
11
14,-0.623105
5,-0.794749
2
18,0.469351
8,0.885059
11
15,-0.439741
15,-0.094879
10
21,0.915522
14,0.909479
0
19,0.408170
22,-0.225887
1
20,-0.739449
23,0.907281
10
17,0.224964
11,0.656376
11
24,0.937192
24,0.907094
6
25,0.361663
26,0.738965
27,