numInputs,2
numNodes,19
numOutputs,1
arity,2
functionSet,add,sub,mul,div,sq,sqrt,tanh,1,0,wire,sin,cos,min,max
12
1,0.249397
0,0.225846
8
0,-0.192311
2,-0.083393
3
1,0.973569
3,-0.082771
5
0,-0.085270
1,-0.080605
0
5,-0.987782
1,0.545481
6
3,0.727763
0,0.322329
7
6,0.741071
5,0.311796
12
4,-0.106627
6,0.864189
9
9,-0.931145
9,-0.918926
11
7,0.159497
4,-0.857707
2
8,0.310876
11,0.858331
1
12,0.691274
5,-0.385009
3
2,0.549522
10,-0.052413
6
13,0.025579
12,0.676741
13
14,-0.393654
15,-0.484610
10
16,0.168188
16,-0.621954
2
17,-0.486821
5,0.643004
4
18,0.893463
14,-0.050566
11
19,0.744648
16,-0.093187
20,