numInputs,2
numNodes,19
numOutputs,1
arity,2
functionSet,add,sub,mul,div,sq,sqrt,tanh,1,0,wire,sin,cos,min,max
1
1,-0.859504
0,-0.514267
4
2,-0.771647
1,0.045784
8
2,0.803493
3,-0.654659
9
4,-0.191132
0,-0.520423
1
1,0.212004
1,0.414643
5
0,-0.958527
0,0.133691
6
7,0.797151
2,-0.287357
5
0,-0.278675
0,0.425906
10
7,-0.207145
7,-0.993911
2
7,-0.608469
8,-0.569764
12
10,-0.751000
5,0.219959
13
6,-0.161162
3,-0.518845
2
9,-0.273742
13,0.705786
10
14,-0.088816
12,0.277062
9
15,-0.748847
10,-0.960404
11
11,0.889601
12,-0.110952
9
17,-0.409030
15,0.225919
13
16,-0.932285
18,0.283252
2
12,-0.045988
19,-0.230588
20,