numInputs,2
numNodes,15
numOutputs,1
arity,2
functionSet,add,sub,mul,div,sq,sqrt,tanh,1,0,wire,sin,cos,min,max
4
0,0.063373
0,-0.998787
4
2,-0.692067
0,-0.574938
2
1,-0.096773
1,0.665020
10
4,0.613415
3,0.862180
5
5,-0.679218
4,0.562800
4
3,-0.840673
1,0.481618
2
6,-0.323742
7,0.818611
13
3,-0.690806
7,0.348968
10
4,0.172700
5,-0.348327
2
9,0.602095
8,0.900703
3
0,-0.914825
4,-0.518811
3
5,-0.298828
12,0.634427
2
10,0.424951
13,-0.151243
11
14,-0.842090
14,0.531039
2
15,-0.779963
11,-0.553339
16,