numInputs,2
numNodes,15
numOutputs,1
arity,2
functionSet,add,sub,mul,div,sq,sqrt,tanh,1,0,wire,sin,cos,min,max
4
0,-0.268245
0,-0.360221
5
1,-0.598869
1,-0.052245
0
2,0.944132
1,0.907095
0
0,0.657147
1,0.290685
9
2,-0.887401
2,0.127536
2
1,0.245807
3,-0.005543
12
5,0.821465
6,-0.772454
5
5,-0.695390
1,0.220538
13
4,0.595869
3,0.589935
12
10,0.320848
9,0.273484
10
11,-0.565226
7,0.970784
6
12,-0.703002
7,0.011746
5
8,0.077125
13,-0.961343
3
14,0.251448
13,-0.384942
10
15,-0.763070
14,0.652047
16,