numInputs,2
numNodes,15
numOutputs,1
arity,2
functionSet,add,sub,mul,div,sq,sqrt,tanh,1,0,wire,sin,cos,min,max
10
0,0.339892
0,-0.876559
2
0,0.700717
0,-0.874920
7
2,-0.939785
2,0.315086
12
2,-0.494849
3,-0.778749
4
2,-0.513919
3,-0.215176
2
1,-0.106158
4,0.044178
13
5,0.183145
1,0.077281
2
7,-0.330738
8,0.416988
11
6,-0.385121
4,-0.798736
8
4,-0.435430
9,0.074019
4
9,0.996457
3,0.331613
3
10,-0.389675
6,0.621664
1
11,-0.084088
13,0.159725
2
12,0.580138
14,0.769757
11
15,0.752361
14,0.686453
16,