numInputs,2
numNodes,17
numOutputs,1
arity,2
functionSet,add,sub,mul,div,sq,sqrt,tanh,1,0,wire,sin,cos,min,max
1
1,-0.524337
0,-0.713793
12
1,-0.388592
2,0.049423
5
2,0.988347
3,-0.625726
10
4,0.422570
0,0.107743
3
4,0.380878
5,-0.227484
2
4,-0.415725
4,-0.226803
0
2,-0.527551
6,0.189808
2
0,0.117394
0,0.397022
4
4,-0.858847
9,-0.177509
13
3,0.561484
8,0.382323
10
11,-0.476764
7,-0.944653
12
9,-0.503613
6,-0.028957
0
10,-0.838876
0,-0.140367
2
7,0.920043
12,-0.261047
1
14,0.935206
15,0.283174
13
13,0.930221
16,-0.517689
4
17,-0.641211
17,0.719937
18,