numInputs,2
numNodes,19
numOutputs,1
arity,2
functionSet,add,sub,mul,div,sq,sqrt,tanh,1,0,wire,sin,cos,min,max
10
1,0.748323
0,-0.087202
12
0,0.904508
2,0.718039
7
2,0.416564
1,0.245470
4
0,0.171883
2,0.307887
2
3,-0.329997
5,-0.137822
4
6,0.989855
1,-0.582351
0
3,0.169837
7,-0.138141
10
1,-0.570798
7,0.901318
11
6,-0.249300
3,0.245099
7
8,-0.231265
8,-0.811666
0
3,0.918777
11,0.506845
11
8,-0.171757
11,0.944962
13
7,0.417588
12,0.589471
6
14,-0.963464
3,-0.198472
6
13,-0.259104
9,-0.021712
1
16,0.742501
4,-0.960413
12
17,0.502320
15,-0.374273
2
16,-0.413848
10,-0.458520
1
19,-0.139856
18,-0.574399
20,