numInputs,2
numNodes,21
numOutputs,1
arity,2
functionSet,add,sub,mul,div,sq,sqrt,tanh,1,0,wire,sin,cos,min,max
1
0,0.455716
1,-0.706518
13
1,0.888358
0,-0.624744
9
3,-0.405868
3,-0.545021
4
2,0.904271
4,0.890010
0
4,-0.809364
3,0.674357
4
5,-0.144191
4,-0.341034
4
2,-0.556306
1,0.531544
12
4,0.848503
7,-0.209140
6
6,-0.283905
7,0.392292
9
4,-0.436806
3,-0.969818
5
6,0.851796
7,-0.247318
0
12,-0.478029
10,0.587318
5
13,0.012521
9,0.691187
0
14,0.291925
4,0.076510
2
13,-0.494577
11,0.635223
2
9,-0.120124
3,0.393217
2
2,-0.355738
15,0.785930
0
8,0.945077
16,0.907063
2
17,0.116794
19,-0.986135
13
20,0.722833
18,-0.192061
11
21,0.335839
21,-0.785919
22,