numInputs,2
numNodes,21
numOutputs,1
arity,2
functionSet,add,sub,mul,div,sq,sqrt,tanh,1,0,wire,sin,cos,min,max
10
1,0.514476
1,0.387265
5
0,-0.878246
2,-0.698909
7
3,-0.715220
0,-0.023626
8
2,0.405417
3,0.993660
0
2,-0.301129
0,-0.710886
12
5,0.524023
6,-0.745322
0
5,0.848195
1,0.974640
12
4,0.871754
7,0.725845
3
8,0.880189
4,-0.685855
10
6,-0.549495
6,-0.826971
1
5,-0.274545
11,0.971794
11
12,-0.228072
10,-0.678943
6
2,-0.778375
9,-0.294925
6
12,0.316259
3,-0.008505
2
13,-0.893789
11,-0.155652
3
10,0.221014
14,0.964082
10
16,-0.718644
6,-0.254820
6
17,0.710695
11,-0.008930
6
19,0.346134
18,-0.953815
12
15,0.538017
20,-0.816098
3
19,-0.227552
21,0.517510
22,