numInputs,2
numNodes,20
numOutputs,1
arity,2
functionSet,add,sub,mul,div,sq,sqrt,tanh,1,0,wire,sin,cos,min,max
0
1,0.148071
0,-0.291554
13
0,-0.865435
2,0.944354
5
2,0.767928
3,0.329658
9
4,-0.432257
3,0.710295
6
3,0.992924
4,0.267971
0
4,-0.190143
6,0.026472
10
5,-0.660913
7,0.515578
8
6,-0.276249
7,0.112257
3
1,0.749685
7,-0.754412
13
9,-0.163701
6,0.229621
8
9,-0.303756
3,-0.164433
11
12,0.561935
0,0.393501
8
7,-0.229053
13,-0.501681
9
10,-0.591359
12,0.241818
6
14,0.208083
13,-0.925994
3
15,-0.361602
8,0.566656
2
4,0.220226
16,0.968775
0
18,-0.666377
17,-0.050977
1
11,-0.181808
19,0.240699
10
20,0.330603
20,-0.064049
21,