numInputs,2
numNodes,17
numOutputs,1
arity,2
functionSet,add,sub,mul,div,sq,sqrt,tanh,1,0,wire,sin,cos,min,max
6
0,-0.127728
1,0.401829
9
0,-0.399363
1,0.557226
9
2,-0.598238
3,0.623962
2
0,0.141556
3,0.685898
0
4,-0.279058
0,0.111018
7
5,-0.309170
0,0.183044
0
6,0.525848
2,0.259780
1
4,0.130398
7,-0.440502
11
3,0.218404
9,-0.741197
3
10,0.287881
8,-0.877583
11
10,-0.651089
4,-0.452430
13
11,-0.989812
12,0.229508
13
0,0.567865
4,-0.077373
1
5,0.888708
14,-0.644044
11
13,0.940949
13,-0.253016
3
16,0.668946
9,-0.117298
12
15,-0.574464
17,-0.971839
18,