numInputs,2
numNodes,15
numOutputs,1
arity,2
functionSet,add,sub,mul,div,sq,sqrt,tanh,1,0,wire,sin,cos,min,max
5
0,0.403777
1,-0.413698
10
2,-0.216846
0,0.950955
12
0,0.158487
3,-0.935526
0
1,-0.755237
4,0.764496
6
0,0.194400
5,-0.671672
4
6,-0.856367
4,-0.533072
2
2,0.009346
7,0.383396
10
8,-0.744813
5,0.490847
11
4,0.507235
9,0.351942
7
10,-0.800591
8,0.416691
1
10,-0.790713
11,0.181081
11
12,0.009092
10,-0.019928
13
9,-0.666103
13,-0.863988
1
3,-0.065270
14,-0.461267
5
15,-0.099716
9,0.160431
16,