numInputs,2
numNodes,15
numOutputs,1
arity,2
functionSet,add,sub,mul,div,sq,sqrt,tanh,1,0,wire,sin,cos,min,max
6
1,-0.507219
1,-0.876387
3
1,-0.125305
2,0.641745
9
1,0.923377
2,-0.376443
3
3,0.296251
1,0.834000
1
5,-0.569323
5,-0.844303
7
0,-0.092287
5,-0.567330
5
4,-0.664416
6,0.127258
4
5,-0.974535
5,-0.971895
6
8,0.021435
6,0.037141
10
10,-0.175277
8,0.403214
3
9,0.998929
11,0.523051
13
8,0.228674
7,0.590056
4
12,-0.649071
13,-0.251741
13
13,0.007600
14,0.795311
10
15,-0.660331
13,0.200178
16,