numInputs,2
numNodes,22
numOutputs,1
arity,2
functionSet,add,sub,mul,div,sq,sqrt,tanh,1,0,wire,sin,cos,min,max
6
0,0.641174
0,-0.489694
12
0,-0.072688
2,0.025907
9
1,0.810776
3,-0.791980
10
4,-0.662470
3,0.024830
5
4,-0.666225
3,-0.221598
2
2,-0.964123
2,0.967461
3
3,-0.129878
2,0.303616
4
6,0.953733
8,0.733465
9
2,-0.484272
8,0.424574
6
3,0.393921
5,0.801162
9
0,-0.916786
1,-0.012187
5
0,-0.489258
9,0.530317
2
11,-0.585645
12,-0.865437
11
0,0.389588
13,0.471214
13
8,0.757155
6,0.129150
2
9,-0.111446
7,-0.363779
6
13,0.395251
16,0.695876
13
17,-0.637356
10,-0.830087
6
14,-0.459709
18,0.013241
1
19,-0.575984
15,0.885404
2
21,-0.709659
17,-0.708680
3
22,0.121377
20,-0.240833
23,