numInputs,2
numNodes,15
numOutputs,1
arity,2
functionSet,add,sub,mul,div,sq,sqrt,tanh,1,0,wire,sin,cos,min,max
2
1,0.279194
0,0.601205
5
2,-0.055327
0,-0.591402
2
0,0.112491
2,0.311753
5
3,0.160187
0,-0.489211
12
1,-0.790810
5,-0.551629
12
6,-0.488380
2,0.980456
4
7,-0.453274
6,0.799836
0
1,0.887069
4,-0.492462
8
7,-0.184949
7,0.971571
0
10,-0.733387
1,-0.770576
3
9,0.700578
8,-0.788961
4
12,-0.193033
11,-0.119601
13
13,-0.765725
11,0.747591
10
14,0.485994
11,0.980300
11
15,-0.319317
11,-0.136187
16,