numInputs,2
numNodes,20
numOutputs,1
arity,2
functionSet,add,sub,mul,div,sq,sqrt,tanh,1,0,wire,sin,cos,min,max
2
1,-0.928208
0,0.349158
11
2,-0.377692
1,-0.321083
6
0,0.094378
1,-0.108856
10
3,-0.902487
0,-0.406474
11
0,-0.401416
4,-0.721151
0
0,-0.405488
3,0.532208
8
1,0.587428
2,-0.181873
4
5,0.469239
5,-0.007072
11
1,0.505228
9,0.286954
0
7,0.598521
6,-0.177789
0
5,0.783704
4,-0.947296
1
10,-0.136564
11,-0.502863
12
12,0.712202
9,0.262252
0
14,-0.503353
14,0.150851
1
13,-0.389812
8,0.856948
10
7,0.752024
15,0.507402
1
17,0.732128
15,-0.979261
1
16,-0.572562
18,-0.277213
11
19,-0.251869
19,-0.121804
4
20,-0.809013
18,-0.077820
21,