numInputs,2
numNodes,16
numOutputs,1
arity,2
functionSet,add,sub,mul,div,sq,sqrt,tanh,1,0,wire,sin,cos,min,max
6
1,0.833421
1,-0.588990
11
0,-0.044375
0,-0.576146
4
0,-0.130035
2,0.293907
5
4,-0.693993
2,0.585998
11
4,0.269947
4,-0.532811
12
3,0.968311
0,-0.501088
6
7,0.400484
2,0.699653
3
8,-0.930718
5,-0.236241
12
9,0.765310
3,0.300750
11
10,0.654879
8,-0.639131
13
2,-0.862839
11,0.511529
1
6,-0.560447
12,-0.386743
2
1,-0.910526
13,0.303673
11
12,0.905836
8,0.761606
11
14,0.626383
6,-0.252567
13
15,-0.268739
16,-0.709627
17,