numInputs,2
numNodes,19
numOutputs,1
arity,2
functionSet,add,sub,mul,div,sq,sqrt,tanh,1,0,wire,sin,cos,min,max
0
1,-0.239184
0,-0.289693
13
2,-0.799194
2,-0.735752
5
0,-0.527688
2,-0.473080
2
2,0.515167
2,-0.091206
8
4,0.559011
3,-0.311834
6
3,-0.058026
6,0.045750
13
3,0.525361
5,0.379975
8
0,-0.778204
1,-0.738280
4
5,0.492250
4,-0.853838
12
9,0.818069
10,0.852287
5
4,0.490433
7,-0.009213
5
3,-0.898448
11,0.022703
1
13,-0.923485
8,-0.992461
6
11,0.380155
7,0.106310
11
14,0.449903
7,0.615305
8
16,-0.146323
15,0.031180
13
16,-0.618886
17,-0.497795
13
18,0.187343
15,-0.689532
2
12,-0.334409
19,-0.692127
20,