numInputs,2
numNodes,15
numOutputs,1
arity,2
functionSet,add,sub,mul,div,sq,sqrt,tanh,1,0,wire,sin,cos,min,max
12
0,-0.103691
0,-0.316550
3
1,0.947054
2,0.482366
7
3,-0.638648
3,-0.801341
10
2,-0.371441
1,-0.867029
0
4,0.347451
5,-0.161631
1
1,-0.860872
3,0.439281
10
6,-0.074973
2,0.659855
6
5,0.834209
7,0.081068
2
3,0.093400
9,-0.770482
13
10,-0.646583
8,-0.454098
10
11,0.707693
11,-0.660597
8
8,-0.783133
2,0.318876
12
12,0.095910
13,0.759408
0
8,0.313423
5,0.855613
3
14,-0.160573
15,-0.175748
16,