numInputs,2
numNodes,16
numOutputs,1
arity,2
functionSet,add,sub,mul,div,sq,sqrt,tanh,1,0,wire,sin,cos,min,max
2
1,-0.871063
0,0.611383
9
2,-0.902958
1,0.258404
5
2,0.307943
3,0.802263
0
1,-0.942479
0,0.098335
12
3,0.850034
3,-0.886809
7
2,-0.380333
6,0.270023
0
4,-0.917080
6,-0.124963
1
5,0.626104
7,-0.991019
6
9,0.802379
8,-0.160017
0
8,0.872235
10,0.665757
11
3,-0.046597
8,-0.547749
0
12,-0.105397
11,0.725929
10
13,-0.598659
11,-0.233803
12
8,0.180000
14,0.978535
5
15,0.207456
15,0.367466
4
16,0.115351
15,-0.306784
17,