numInputs,2
numNodes,15
numOutputs,1
arity,2
functionSet,add,sub,mul,div,sq,sqrt,tanh,1,0,wire,sin,cos,min,max
8
1,-0.703622
0,0.887316
10
0,0.653249
0,0.395561
12
1,0.771040
0,-0.917082
6
0,-0.784406
4,0.712429
12
3,-0.684651
5,-0.501555
1
4,0.725505
6,0.934593
5
1,-0.988162
6,-0.575074
11
6,-0.625387
8,0.538571
2
7,0.784288
9,0.638644
1
10,0.629078
3,0.127568
6
2,0.140722
0,-0.915062
13
8,-0.199791
12,-0.939777
10
11,0.758037
12,-0.463477
9
13,0.249656
6,-0.732349
2
14,0.927221
15,0.422653
16,