numInputs,2
numNodes,19
numOutputs,1
arity,2
functionSet,add,sub,mul,div,sq,sqrt,tanh,1,0,wire,sin,cos,min,max
2
0,0.025096
1,-0.993448
7
0,0.162680
0,-0.512562
13
3,0.121003
1,0.243119
2
2,-0.517951
0,-0.009392
9
0,-0.500879
4,-0.158448
2
4,0.552327
2,-0.642552
13
1,-0.126511
5,-0.583524
5
0,0.423990
3,-0.905782
4
6,0.698424
4,-0.015214
1
8,0.058451
7,-0.722986
12
0,-0.170889
5,0.479553
1
10,-0.312189
9,-0.435819
5
11,-0.553374
8,0.144791
10
7,0.375877
1,-0.962600
2
14,0.297465
13,-0.429634
13
16,-0.098410
12,0.222407
2
17,-0.810884
15,0.592281
2
18,0.251560
17,-0.129594
0
19,0.518759
18,-0.974104
20,