numInputs,2
numNodes,15
numOutputs,1
arity,2
functionSet,add,sub,mul,div,sq,sqrt,tanh,1,0,wire,sin,cos,min,max
12
0,-0.816073
1,-0.600809
2
2,-0.078730
0,0.377656
1
0,-0.657806
3,0.611826
4
4,-0.777291
3,-0.058292
4
1,0.255703
3,-0.131673
4
1,-0.808899
5,0.572411
2
7,-0.881470
6,0.933033
2
6,0.104649
8,0.570518
12
2,0.048867
4,-0.836965
9
10,0.448860
2,-0.204591
8
9,0.183898
11,-0.399157
0
12,-0.316469
9,-0.612105
10
5,-0.792457
13,-0.963853
2
14,-0.128330
13,-0.909362
13
11,0.899524
15,-0.058909
16,