numInputs,2
numNodes,18
numOutputs,1
arity,2
functionSet,add,sub,mul,div,sq,sqrt,tanh,1,0,wire,sin,cos,min,max
10
1,0.617856
1,-0.219001
0
2,-0.191862
0,0.696166
4
0,-0.820528
3,-0.070789
3
3,0.775220
2,0.387801
7
1,-0.820102
3,-0.493025
12
0,-0.361120
6,-0.525266
10
5,0.946959
0,-0.108954
1
4,0.734900
1,-0.681178
4
9,0.973557
3,-0.860084
12
8,0.784039
7,-0.745912
9
9,0.054176
11,-0.609430
8
11,-0.179346
11,0.082679
4
12,0.287602
12,0.264807
0
11,0.481823
13,0.364463
9
0,-0.081038
11,-0.404623
3
16,-0.907152
15,-0.015279
2
17,-0.919346
10,0.418143
1
18,0.792574
14,0.798736
19,