numInputs,2
numNodes,28
numOutputs,1
arity,2
functionSet,add,sub,mul,div,sq,sqrt,tanh,1,0,wire,sin,cos,min,max
7
0,-0.618967
0,-0.198780
9
0,-0.408366
2,-0.138923
13
1,0.470315
1,0.725920
13
2,-0.464200
0,0.057702
8
3,0.346230
5,-0.604600
8
0,-0.699751
4,0.741488
9
5,0.593953
7,-0.267785
5
4,-0.457468
7,-0.552441
5
7,-0.743791
0,-0.980140
8
2,-0.691833
0,0.979145
9
7,-0.875716
10,0.558816
12
7,0.289078
3,-0.613327
13
4,-0.744470
10,-0.907331
0
13,-0.242611
9,0.500123
4
11,-0.999392
2,-0.881864
12
8,-0.373489
15,-0.942602
5
3,0.731614
8,0.100127
12
9,0.360760
14,0.152971
9
6,0.829566
2,0.185763
5
18,-0.155029
6,-0.636407
6
19,-0.055334
17,0.554275
6
20,0.273293
9,0.364888
6
14,-0.175482
23,-0.398422
5
21,-0.199743
8,-0.546482
13
16,-0.979261
12,-0.682382
3
24,-0.044811
22,-0.519900
12
27,0.302865
26,-0.739946
1
28,0.126168
25,0.362342
29,