numInputs,2
numNodes,23
numOutputs,1
arity,2
functionSet,add,sub,mul,div,sq,sqrt,tanh,1,0,wire,sin,cos,min,max
8
0,-0.307068
1,0.033033
7
2,0.673082
1,-0.690775
13
2,-0.329620
0,0.384482
6
1,-0.978924
3,0.643055
3
3,0.644242
0,0.002693
12
4,-0.815547
4,0.147626
5
1,-0.985345
0,0.981165
12
8,-0.852945
8,-0.737469
5
4,-0.664565
1,-0.303481
10
8,0.697298
10,-0.557694
0
10,-0.905584
9,-0.604398
6
5,-0.281237
2,-0.876019
2
7,-0.918005
12,-0.648629
11
14,-0.043744
10,-0.503057
13
9,-0.242187
13,-0.539282
5
13,0.396758
16,-0.781657
13
15,-0.758578
17,0.854770
0
6,0.987385
16,0.121398
13
18,-0.228019
19,-0.920661
5
11,0.858655
16,-0.122460
1
20,-0.058200
2,0.647372
10
22,0.094389
20,0.980430
1
23,-0.654050
21,-0.100530
24,