numInputs,2
numNodes,23
numOutputs,1
arity,2
functionSet,add,sub,mul,div,sq,sqrt,tanh,1,0,wire,sin,cos,min,max
13
0,-0.866349
0,0.365038
11
0,0.103230
2,-0.000301
6
0,0.102598
0,-0.052017
4
2,0.960819
4,-0.971704
12
3,-0.366064
3,0.036974
10
3,0.730356
6,0.137070
2
6,-0.917262
5,0.261535
3
7,-0.743258
4,0.171512
11
8,-0.895820
3,-0.592300
9
9,0.959612
1,0.466255
2
0,-0.873246
11,0.830090
6
10,0.656265
11,-0.904370
3
9,-0.693953
10,-0.727085
4
13,-0.157882
13,0.693291
11
14,0.781109
14,-0.783296
11
12,-0.786502
9,-0.995733
8
14,0.249274
14,0.957522
1
4,0.584659
18,0.108993
13
15,0.821619
16,0.180267
10
19,0.320523
17,-0.764107
0
17,-0.159636
21,-0.821097
1
20,0.887590
22,0.053691
3
23,-0.097337
11,0.539944
24,