numInputs,2
numNodes,22
numOutputs,1
arity,2
functionSet,add,sub,mul,div,sq,sqrt,tanh,1,0,wire,sin,cos,min,max
12
0,-0.144054
1,-0.415760
2
1,-0.886723
2,-0.337021
13
1,0.502204
2,0.888761
11
4,0.971429
4,-0.035328
13
4,-0.243581
1,-0.145315
4
3,-0.402367
0,0.827813
0
5,-0.725734
4,0.232677
9
2,-0.580455
1,-0.513436
10
9,-0.325694
7,-0.933623
6
8,-0.071663
6,0.135347
0
5,0.834299
2,-0.458336
9
5,0.409410
8,-0.402437
12
12,0.561637
11,-0.221075
9
13,-0.104998
13,0.950737
1
10,-0.808674
15,0.194684
6
14,-0.256479
16,-0.573425
1
3,0.795935
4,-0.758739
5
17,0.726939
1,0.207518
9
19,-0.259837
10,-0.722904
2
7,-0.879456
18,-0.871490
1
20,-0.819660
21,0.585996
11
22,0.229143
22,-0.366496
23,