numInputs,2
numNodes,20
numOutputs,1
arity,2
functionSet,add,sub,mul,div,sq,sqrt,tanh,1,0,wire,sin,cos,min,max
13
1,-0.021819
0,0.319610
13
1,-0.746762
2,0.882636
2
0,-0.492238
1,0.246650
0
0,0.387453
0,-0.720815
5
1,-0.390817
0,0.984823
11
5,-0.753077
2,0.154263
13
0,-0.273824
4,-0.908091
9
7,0.724843
1,-0.115864
2
9,0.053872
6,-0.399249
7
6,0.930815
7,-0.660498
6
11,-0.974258
3,-0.493890
1
8,-0.071464
11,-0.939630
1
10,-0.956255
12,-0.068704
12
13,0.806621
9,0.713015
4
14,0.317771
13,0.006497
4
15,-0.689202
14,-0.654500
9
7,-0.926678
16,-0.161062
3
16,-0.717666
18,-0.529365
2
19,-0.834425
17,0.071981
11
20,-0.711744
20,-0.880048
21,