numInputs,2
numNodes,18
numOutputs,1
arity,2
functionSet,add,sub,mul,div,sq,sqrt,tanh,1,0,wire,sin,cos,min,max
4
0,0.892965
0,0.381288
13
2,0.689751
2,0.167819
12
3,-0.684710
1,0.837733
13
0,-0.011758
3,-0.575882
11
5,0.765153
2,-0.828388
10
4,-0.077951
0,-0.461245
10
7,-0.931875
1,-0.428151
2
0,-0.443061
8,-0.024685
11
9,0.733319
2,0.123701
2
2,-0.534028
8,-0.618291
9
11,-0.876219
11,0.992531
13
10,-0.891917
12,0.752432
10
8,0.370551
13,0.150267
2
13,-0.335518
14,0.365204
13
4,-0.649324
15,-0.159832
2
16,0.370728
6,-0.162044
10
17,-0.295398
15,-0.436169
9
18,0.939462
18,0.216578
19,