numInputs,2
numNodes,29
numOutputs,1
arity,2
functionSet,add,sub,mul,div,sq,sqrt,tanh,1,0,wire,sin,cos,min,max
12
1,0.228894
0,0.120866
2
2,0.019615
1,-0.450985
13
3,-0.680315
0,-0.797647
11
1,-0.225545
1,-0.788363
10
1,-0.602930
0,-0.414527
0
2,-0.018668
5,0.277156
9
4,-0.524215
3,0.281558
2
3,0.932778
4,0.340563
12
2,-0.523816
6,-0.516429
2
4,-0.365925
10,0.142595
0
6,-0.262985
6,-0.725937
0
12,0.800539
8,0.033926
2
9,0.232175
9,-0.723435
5
11,0.486973
10,-0.052761
2
8,-0.529632
5,-0.569018
3
7,0.244256
4,0.179695
10
15,-0.347339
17,-0.136007
1
14,-0.512742
16,-0.797086
2
17,-0.481401
19,0.514227
4
20,0.465918
10,0.146773
13
21,-0.291585
7,-0.288754
3
5,-0.116139
21,-0.618534
2
13,0.716430
7,-0.010303
13
19,-0.332138
22,-0.610575
10
18,-0.956354
12,-0.791048
13
23,-0.004291
25,-0.555060
12
26,-0.320699
24,0.280313
6
23,-0.357958
27,-0.424568
0
29,-0.715764
28,-0.192015
30,