numInputs,2
numNodes,21
numOutputs,1
arity,2
functionSet,add,sub,mul,div,sq,sqrt,tanh,1,0,wire,sin,cos,min,max
5
0,0.653269
1,0.813423
4
0,0.597708
2,0.706560
4
1,0.392980
2,0.199578
11
4,-0.434087
4,-0.353324
0
0,-0.695219
4,0.521088
10
6,-0.929187
6,-0.927507
2
5,-0.570926
7,-0.504768
7
8,-0.893642
7,-0.504081
2
8,0.559206
7,-0.425478
11
2,0.544518
9,0.140455
2
4,-0.297961
8,0.318899
12
12,-0.052713
3,0.796594
11
13,-0.319942
13,0.287265
13
0,0.287270
14,0.722480
5
10,0.931703
9,0.805775
3
10,-0.835869
11,0.241135
3
16,-0.900756
17,0.396412
11
9,0.885952
11,0.888068
2
18,0.981523
19,0.403701
10
15,0.287337
20,-0.157945
0
21,0.599571
20,-0.554421
22,