numInputs,2
numNodes,15
numOutputs,1
arity,2
functionSet,add,sub,mul,div,sq,sqrt,tanh,1,0,wire,sin,cos,min,max
5
0,-0.832571
1,-0.144560
6
0,-0.854062
1,0.645394
10
1,0.815082
2,0.183675
13
4,0.215813
2,-0.319208
13
5,-0.863425
1,-0.839404
1
6,0.681315
3,0.247760
3
7,-0.507435
4,-0.314916
13
8,-0.513167
8,0.293260
2
5,0.216804
0,-0.006139
1
2,0.315209
10,0.678330
7
1,0.332051
6,-0.632877
3
11,0.929381
9,-0.505496
2
13,-0.173454
12,0.310521
10
14,-0.242230
14,-0.724351
11
15,0.469845
15,-0.955417
16,