numInputs,2
numNodes,15
numOutputs,1
arity,2
functionSet,add,sub,mul,div,sq,sqrt,tanh,1,0,wire,sin,cos,min,max
12
1,-0.239600
0,-0.365385
12
0,-0.358212
0,-0.225820
3
3,0.532034
1,0.058403
6
2,-0.092947
1,-0.032786
1
5,0.422815
4,-0.393208
4
0,0.027175
6,0.474835
11
0,-0.725351
2,-0.223379
0
8,-0.238055
7,-0.880385
9
9,0.755017
8,-0.425106
10
6,0.171517
10,0.653460
2
1,-0.681125
11,-0.713993
11
12,-0.419436
12,-0.417937
11
10,-0.640389
13,-0.515305
0
13,-0.257144
14,0.059189
2
15,0.711316
11,0.761288
16,