numInputs,2
numNodes,18
numOutputs,1
arity,2
functionSet,add,sub,mul,div,sq,sqrt,tanh,1,0,wire,sin,cos,min,max
9
0,-0.030988
1,0.622224
6
2,-0.825603
1,-0.830178
9
2,-0.001676
2,-0.353126
5
0,-0.224118
4,-0.334373
11
4,-0.372451
1,0.241313
13
1,0.278336
5,-0.633191
13
5,-0.165031
7,-0.812597
13
3,-0.629099
6,-0.935631
10
9,-0.584114
4,0.493196
11
8,-0.638752
2,-0.129598
10
10,-0.833110
10,-0.278234
12
4,0.364997
12,-0.432284
5
13,0.409832
2,-0.419636
6
12,-0.797357
5,0.067403
3
15,-0.440365
14,-0.022068
10
16,0.797641
13,0.660117
3
17,-0.217007
11,0.157094
9
18,0.490906
13,0.550337
19,