numInputs,2
numNodes,17
numOutputs,1
arity,2
functionSet,add,sub,mul,div,sq,sqrt,tanh,1,0,wire,sin,cos,min,max
13
0,-0.682694
1,0.673363
0
1,0.783583
1,-0.252044
10
1,-0.392723
2,-0.365959
10
0,-0.853108
2,-0.073013
13
5,-0.652438
2,0.538812
3
5,0.071303
4,0.109137
5
6,-0.297176
1,0.488204
13
8,0.287372
7,0.446389
11
4,-0.362109
1,-0.474694
7
10,-0.020182
9,0.151136
13
9,-0.274479
3,0.241514
5
10,0.418903
5,-0.754434
1
13,-0.167403
5,0.727339
3
11,0.868806
14,0.593835
5
12,0.120889
5,0.233707
12
16,0.370909
15,0.911953
3
17,0.042910
10,-0.073617
18,