numInputs,2
numNodes,18
numOutputs,1
arity,2
functionSet,add,sub,mul,div,sq,sqrt,tanh,1,0,wire,sin,cos,min,max
2
1,0.846976
0,-0.506517
0
1,-0.608156
2,-0.713762
13
1,0.593956
0,0.739086
2
4,0.897617
4,0.852222
10
3,-0.434878
2,-0.203102
13
6,-0.710210
1,0.623323
0
3,-0.784765
1,0.397181
5
4,0.316091
0,-0.416876
8
7,0.978309
7,-0.006084
6
3,-0.985409
7,0.587902
3
5,-0.784942
8,-0.189421
11
12,-0.913276
11,-0.949382
2
11,0.178990
13,-0.495931
11
6,0.891376
14,0.562556
1
10,-0.331868
14,0.113708
12
9,-0.616361
16,-0.650627
13
15,0.223963
17,-0.379111
4
18,-0.464927
15,-0.751130
19,