numInputs,2
numNodes,22
numOutputs,1
arity,2
functionSet,add,sub,mul,div,sq,sqrt,tanh,1,0,wire,sin,cos,min,max
4
1,-0.875379
0,-0.720639
3
2,-0.716216
2,-0.723720
3
3,0.416246
3,-0.631615
5
1,0.631056
3,-0.849549
4
4,0.501197
3,-0.433726
3
4,-0.329490
0,0.765195
2
5,-0.973258
2,0.669767
10
0,-0.810178
2,-0.760409
11
8,0.896993
4,-0.101095
10
5,-0.578023
0,0.760436
12
10,0.907371
9,0.752674
1
0,-0.740413
12,0.057239
11
2,-0.861774
2,-0.901502
4
11,-0.930830
7,-0.381378
3
3,-0.708274
13,-0.193964
10
16,-0.823586
13,0.252361
6
7,-0.287107
10,-0.262259
3
6,-0.167959
17,-0.150249
6
19,-0.533650
18,0.409246
13
20,0.880792
15,-0.075569
6
21,0.546023
14,-0.497352
2
22,0.484016
18,-0.072387
23,