numInputs,2
numNodes,18
numOutputs,1
arity,2
functionSet,add,sub,mul,div,sq,sqrt,tanh,1,0,wire,sin,cos,min,max
6
0,0.679447
1,-0.622053
5
1,-0.065532
1,-0.016648
4
1,-0.588840
2,0.274378
1
1,0.999364
4,0.497578
13
2,-0.096705
2,-0.202237
8
3,-0.957312
4,-0.773525
11
5,-0.734952
2,0.989385
0
3,0.151446
8,0.022628
7
8,-0.255210
2,-0.169550
1
2,-0.841517
9,-0.892877
2
6,0.391067
8,-0.089739
0
2,-0.131651
11,-0.618082
9
12,0.863283
11,0.300615
13
13,-0.697035
7,-0.394385
12
14,0.139573
10,0.268968
11
13,-0.011278
16,-0.255061
13
17,0.684360
16,-0.536882
13
15,0.833326
18,-0.346140
19,