numInputs,2
numNodes,16
numOutputs,1
arity,2
functionSet,add,sub,mul,div,sq,sqrt,tanh,1,0,wire,sin,cos,min,max
5
1,0.375027
0,-0.698489
3
0,-0.242585
2,-0.579577
11
2,-0.465010
3,-0.147237
3
0,0.284860
1,0.639048
10
1,-0.527111
2,0.342490
11
1,0.184587
5,0.944199
3
5,0.800904
7,0.563522
5
4,-0.925677
6,-0.443762
10
8,0.338170
6,0.035144
2
6,-0.812137
10,0.653632
1
3,-0.908845
7,0.519314
0
12,-0.992319
9,0.298303
7
13,-0.004553
10,0.280051
6
13,-0.727226
14,0.192335
5
15,-0.533018
15,-0.338959
1
11,-0.704956
16,-0.720168
17,