numInputs,2
numNodes,16
numOutputs,1
arity,2
functionSet,add,sub,mul,div,sq,sqrt,tanh,1,0,wire,sin,cos,min,max
8
0,-0.753618
1,-0.943995
5
0,0.994122
1,0.240654
4
0,-0.942051
1,0.475750
5
4,0.979818
2,0.504042
11
4,0.341188
3,0.349725
0
2,-0.557923
0,-0.534193
6
7,-0.339946
2,-0.933850
9
3,0.936024
8,0.313774
5
1,0.112785
3,-0.666222
0
9,0.829042
8,0.934356
0
11,-0.284049
8,0.178703
13
1,0.962850
12,-0.888692
9
6,0.274763
8,0.615118
6
5,-0.306237
14,-0.987684
3
13,0.315704
15,0.753983
3
10,-0.498954
16,-0.505491
17,