numInputs,2
numNodes,19
numOutputs,1
arity,2
functionSet,add,sub,mul,div,sq,sqrt,tanh,1,0,wire,sin,cos,min,max
8
0,-0.105806
1,0.774626
0
1,-0.914221
2,0.371786
11
2,-0.452305
2,-0.890257
7
3,0.669325
0,-0.041995
2
1,-0.470818
5,0.099223
13
0,0.040481
1,-0.810590
2
4,-0.931367
6,0.511669
3
3,0.248699
7,-0.633049
9
8,0.739740
5,-0.700076
6
9,-0.780541
10,0.091437
3
11,0.531219
1,-0.726550
2
7,-0.893323
12,0.900521
9
3,0.980838
8,-0.123730
9
14,0.504080
11,-0.485737
5
15,0.975209
8,-0.836244
10
16,-0.980784
16,-0.256761
11
13,0.352461
7,-0.795787
2
18,-0.272780
17,0.644802
4
19,-0.374837
12,-0.955571
20,