numInputs,2
numNodes,15
numOutputs,1
arity,2
functionSet,add,sub,mul,div,sq,sqrt,tanh,1,0,wire,sin,cos,min,max
7
1,0.987795
1,0.994750
2
0,-0.236842
2,-0.140222
5
0,0.506301
2,-0.724331
10
2,-0.476958
1,0.742362
4
3,-0.525481
2,0.108055
6
5,-0.575019
5,-0.573071
11
4,0.798115
7,-0.360680
10
7,0.727125
2,-0.402540
0
8,-0.006217
1,-0.959559
6
9,0.429166
6,-0.763793
4
10,0.327737
7,0.253504
0
11,0.846547
12,-0.605532
11
13,0.754256
0,0.020875
4
14,0.017850
1,0.762747
10
15,-0.257040
13,0.712562
16,