numInputs,2
numNodes,17
numOutputs,1
arity,2
functionSet,add,sub,mul,div,sq,sqrt,tanh,1,0,wire,sin,cos,min,max
8
0,0.865980
1,0.854424
10
0,-0.606051
0,0.482418
11
2,0.043937
2,0.855697
1
3,0.210725
3,-0.096317
11
1,0.717641
5,-0.824019
0
6,-0.050736
5,-0.206637
11
0,-0.968783
5,-0.835223
10
3,0.995813
1,-0.443774
5
4,0.917678
9,-0.951441
5
7,0.660741
8,0.162503
3
10,0.836608
8,0.185277
4
12,-0.678919
10,0.194061
6
11,-0.865796
13,0.317155
2
8,0.244574
14,-0.329111
4
9,-0.864059
11,-0.854793
4
15,0.182406
14,-0.402292
12
16,-0.391451
17,0.082646
18,