numInputs,2
numNodes,18
numOutputs,1
arity,2
functionSet,add,sub,mul,div,sq,sqrt,tanh,1,0,wire,sin,cos,min,max
4
1,0.679662
1,0.765162
9
2,0.100374
0,-0.812096
6
0,-0.342368
3,0.365353
7
3,-0.720164
4,0.713189
7
1,-0.180958
2,-0.255370
6
5,-0.147934
2,-0.421736
8
6,-0.604950
7,-0.756788
6
8,0.412119
4,-0.141852
5
9,-0.246672
6,-0.701062
8
9,-0.667272
5,-0.617245
2
10,0.944713
0,0.214054
5
7,-0.906781
7,0.270584
10
13,-0.968358
11,-0.715876
2
6,-0.751921
11,-0.989711
0
14,-0.371053
15,-0.511748
0
16,-0.954074
11,0.729003
10
12,0.095786
15,0.724970
6
17,0.343331
18,-0.847068
19,