numInputs,2
numNodes,23
numOutputs,1
arity,2
functionSet,add,sub,mul,div,sq,sqrt,tanh,1,0,wire,sin,cos,min,max
1
0,-0.601358
1,-0.824820
4
2,-0.227115
2,0.663754
2
1,-0.966316
1,-0.432640
10
2,-0.066614
2,0.278679
6
3,-0.320724
5,-0.593482
0
3,-0.598635
0,-0.350288
13
6,-0.523463
7,-0.582773
12
4,0.864422
7,-0.697022
2
8,0.688827
8,0.279980
2
10,0.796371
6,-0.107475
8
10,-0.976178
8,-0.292243
4
8,0.102327
9,-0.098587
6
6,-0.477623
0,-0.161671
11
13,-0.698425
11,-0.824297
11
9,-0.123539
7,-0.069244
13
14,-0.880472
15,-0.298112
3
12,0.880446
5,0.105446
10
18,0.166068
12,-0.580021
10
19,0.764294
4,0.913223
6
20,-0.076224
11,0.409221
10
16,0.065525
16,0.750524
0
22,0.861347
21,-0.544256
13
17,0.783175
23,0.970529
24,