numInputs,2
numNodes,15
numOutputs,1
arity,2
functionSet,add,sub,mul,div,sq,sqrt,tanh,1,0,wire,sin,cos,min,max
13
1,0.761515
0,0.013080
1
2,-0.084633
0,-0.258945
13
1,0.747491
0,-0.406036
3
4,-0.226987
3,0.930067
3
5,0.545719
4,-0.289540
12
4,0.086497
6,-0.274121
9
5,-0.376693
0,-0.690471
10
5,0.087042
4,0.866095
10
7,0.003792
8,0.270337
9
10,0.301321
6,-0.203569
3
11,-0.077997
10,-0.141914
2
8,0.902675
11,-0.374122
6
12,0.712619
9,-0.919982
3
14,0.150959
13,0.234563
10
15,-0.376189
15,0.180058
16,