numInputs,2
numNodes,15
numOutputs,1
arity,2
functionSet,add,sub,mul,div,sq,sqrt,tanh,1,0,wire,sin,cos,min,max
0
1,-0.290494
0,0.697111
5
0,-0.345065
2,-0.253387
13
2,0.949669
1,0.040294
13
3,0.000004
2,-0.235563
6
4,0.069454
0,0.073993
0
3,-0.848327
1,0.700868
3
7,0.343361
6,-0.169346
8
6,0.359950
3,0.627291
5
8,0.442215
6,0.564790
12
10,-0.006636
5,-0.913663
2
9,-0.260314
4,-0.781393
11
11,-0.669786
7,-0.683567
3
3,-0.343686
13,0.816682
11
14,0.699800
12,-0.922210
12
12,0.249677
15,0.982257
16,