numInputs,2
numNodes,19
numOutputs,1
arity,2
functionSet,add,sub,mul,div,sq,sqrt,tanh,1,0,wire,sin,cos,min,max
1
1,0.196615
0,-0.249569
7
0,0.371767
0,-0.419536
13
3,0.126880
2,0.858390
5
2,0.772491
2,-0.841127
6
5,0.673527
3,-0.776124
5
4,-0.106342
0,-0.422295
7
7,-0.785640
4,0.740838
4
1,0.705608
6,0.489672
3
9,0.302391
8,0.479196
1
10,0.827107
7,0.317735
10
6,0.718151
7,-0.776674
0
11,0.826176
9,-0.531785
10
12,0.931131
13,-0.786285
4
13,-0.745476
13,0.331408
10
15,-0.507947
10,-0.799295
6
16,-0.639686
6,-0.102840
5
14,-0.631174
10,-0.348586
10
18,-0.664524
18,-0.740468
2
19,0.145152
17,-0.269977
20,