numInputs,2
numNodes,22
numOutputs,1
arity,2
functionSet,add,sub,mul,div,sq,sqrt,tanh,1,0,wire,sin,cos,min,max
8
1,-0.758887
0,-0.226516
13
0,0.320758
1,0.630916
7
1,-0.434922
2,0.325488
0
4,0.224875
4,0.621139
12
4,0.499178
0,-0.072840
0
5,-0.583330
3,-0.101232
11
1,0.554970
7,-0.859962
13
2,-0.762008
7,-0.122200
12
7,0.647622
0,0.503158
6
4,-0.085884
8,0.514372
7
4,0.041218
6,0.535203
6
12,-0.728502
10,-0.836053
5
12,-0.064943
2,-0.536311
9
3,0.384570
10,-0.742294
3
15,-0.151650
6,-0.136244
12
11,0.850099
13,0.493156
1
16,0.227546
14,0.474589
12
18,-0.765742
4,-0.919725
10
19,-0.321427
18,0.235468
12
17,0.316801
6,-0.505529
3
21,0.666068
9,0.984073
6
22,0.877313
20,0.612996
23,