numInputs,2
numNodes,22
numOutputs,1
arity,2
functionSet,add,sub,mul,div,sq,sqrt,tanh,1,0,wire,sin,cos,min,max
6
0,0.933521
0,-0.408096
4
2,0.079871
1,-0.915145
13
0,-0.642652
1,0.520763
1
0,-0.442256
3,-0.761551
11
4,-0.291969
3,-0.230812
8
6,-0.127520
2,-0.733467
7
6,0.553958
4,0.405011
6
5,0.932800
3,-0.835452
3
9,0.861584
3,-0.053554
5
9,0.865790
0,0.909115
5
6,0.755719
10,0.170936
9
11,0.673675
10,0.771367
11
12,-0.198362
11,-0.683562
3
8,-0.928232
13,0.312310
6
7,0.142233
13,-0.933626
1
15,-0.805638
4,0.712285
11
15,-0.283393
11,0.940043
0
17,0.359114
18,0.877917
6
10,-0.522368
19,-0.136505
13
20,-0.715929
14,0.194913
0
16,-0.794985
21,-0.831839
5
22,0.549961
20,-0.766381
23,