numInputs,2
numNodes,21
numOutputs,1
arity,2
functionSet,add,sub,mul,div,sq,sqrt,tanh,1,0,wire,sin,cos,min,max
4
0,-0.723221
0,0.827842
5
1,-0.431063
2,0.157579
8
3,0.466862
1,-0.298946
10
0,-0.619649
4,0.269204
13
5,0.987357
2,0.459800
11
6,-0.649675
6,0.394093
1
2,-0.502879
7,-0.948160
13
2,0.874090
4,0.778146
11
9,-0.664282
9,-0.429428
3
10,0.823980
5,0.417530
11
3,-0.510558
9,0.326410
4
12,0.709628
9,-0.640214
11
11,0.579048
11,-0.117404
10
2,-0.827067
7,-0.687337
13
15,-0.723953
14,-0.045462
4
13,-0.433445
16,0.030114
11
8,-0.271802
15,-0.704207
13
16,-0.676471
17,0.588475
13
19,0.083397
18,0.148034
5
20,0.971600
3,-0.339908
3
21,0.724925
19,0.709686
22,