numInputs,2
numNodes,22
numOutputs,1
arity,2
functionSet,add,sub,mul,div,sq,sqrt,tanh,1,0,wire,sin,cos,min,max
1
1,0.282899
1,-0.431542
5
1,-0.497564
0,-0.786765
13
0,0.337283
3,-0.200926
8
4,0.732542
2,-0.107022
13
4,-0.851351
2,-0.641623
8
6,0.489460
4,0.411478
4
5,0.294741
3,0.764634
9
8,0.880070
2,-0.265915
10
9,-0.867023
7,0.225411
9
7,-0.590144
0,0.858862
6
6,0.372756
1,-0.027141
7
8,-0.384495
8,-0.294270
5
12,-0.584720
5,-0.448723
5
14,-0.651263
6,0.920025
2
8,-0.824807
11,0.683299
5
10,-0.414320
9,0.550681
4
17,-0.206746
16,0.770297
0
15,0.383730
16,-0.062863
4
19,-0.076122
12,0.014398
3
13,-0.807212
20,0.778139
6
21,0.626398
18,-0.188286
12
22,0.778431
15,0.031460
23,