numInputs,2
numNodes,27
numOutputs,1
arity,2
functionSet,add,sub,mul,div,sq,sqrt,tanh,1,0,wire,sin,cos,min,max
1
0,-0.007925
1,-0.995798
2
1,-0.773682
0,0.598903
0
3,-0.756812
2,0.485064
13
1,-0.253974
0,0.921484
11
2,-0.182273
1,-0.208690
0
6,-0.499147
6,-0.557879
13
1,-0.739918
1,-0.097344
2
7,-0.900712
2,-0.014663
2
1,-0.760728
5,-0.019571
4
9,-0.517870
4,0.203321
11
10,-0.133802
0,0.935207
12
11,-0.069754
9,-0.233771
1
12,-0.594154
4,0.577362
3
13,-0.213435
6,0.733614
0
1,-0.588351
15,0.506101
8
0,0.699129
16,-0.001490
1
16,0.402367
8,0.532377
10
14,-0.376455
7,0.223444
5
2,-0.415541
18,-0.907917
12
20,-0.626538
17,0.405299
3
16,-0.656673
19,0.522383
9
21,-0.055231
10,0.607698
11
18,0.102470
22,-0.484174
2
22,-0.343334
11,-0.051156
10
24,0.929780
24,-0.156273
3
26,-0.291287
23,-0.135813
12
27,-0.719852
25,0.929562
28,