numInputs,2
numNodes,18
numOutputs,1
arity,2
functionSet,add,sub,mul,div,sq,sqrt,tanh,1,0,wire,sin,cos,min,max
5
0,-0.252353
0,-0.199357
2
0,-0.762409
0,-0.228822
2
1,-0.005754
1,-0.973885
1
4,0.884062
1,0.869835
2
3,-0.901181
0,0.913073
3
6,-0.750070
2,0.221641
2
4,0.725498
5,0.932153
1
1,0.736286
7,0.930847
12
3,-0.836209
0,0.604273
4
9,0.270907
3,0.272266
4
8,0.506945
8,0.330123
8
11,-0.451894
9,0.781450
1
11,-0.586382
10,0.831928
9
2,0.605644
2,0.244915
0
4,-0.057467
15,0.182386
3
13,0.575880
16,-0.593144
2
14,-0.945265
12,0.701316
12
17,-0.694429
18,-0.580995
19,