numInputs,2
numNodes,27
numOutputs,1
arity,2
functionSet,add,sub,mul,div,sq,sqrt,tanh,1,0,wire,sin,cos,min,max
7
0,-0.615080
0,-0.896441
4
1,-0.581305
1,0.369537
10
3,-0.988766
1,0.155458
9
4,0.608718
0,-0.253323
1
4,-0.793309
2,-0.758067
6
0,-0.845135
5,-0.820799
1
1,0.663708
1,-0.651255
3
8,-0.485077
1,0.435782
13
0,0.597266
6,0.225474
12
9,0.705978
4,-0.353360
10
7,-0.340087
11,-0.820899
0
5,-0.085899
7,-0.401505
10
12,0.689893
9,0.072993
12
13,0.587705
14,0.493532
7
0,0.814366
13,-0.522761
13
16,-0.151264
10,0.159223
6
13,-0.451482
13,0.882206
3
15,0.352525
11,0.042935
13
18,-0.510875
17,-0.271854
4
19,-0.601395
20,-0.960925
13
21,-0.815659
17,0.462572
5
22,-0.633303
19,-0.545788
3
10,-0.243946
16,0.811290
12
20,0.854858
23,0.803547
0
24,0.948917
1,0.342389
6
25,0.969017
26,-0.111012
5
27,0.806413
24,0.353206
28,