numInputs,2
numNodes,23
numOutputs,1
arity,2
functionSet,add,sub,mul,div,sq,sqrt,tanh,1,0,wire,sin,cos,min,max
11
0,-0.613381
0,0.406835
11
1,0.360073
0,-0.797719
11
3,-0.079068
0,-0.332685
5
1,-0.786937
0,-0.543528
5
0,0.532314
0,-0.470771
11
3,0.364246
6,-0.179240
10
2,0.568955
6,-0.726475
0
5,-0.275648
7,-0.984926
6
9,-0.506421
4,-0.933335
6
7,-0.432515
1,-0.312708
2
1,-0.478525
10,-0.939679
12
11,0.522435
1,0.660772
1
9,0.108222
7,0.440841
1
6,-0.046627
14,0.381668
0
13,-0.043468
9,0.387203
11
14,-0.365107
16,0.547430
12
15,-0.963705
9,0.504223
6
12,0.948549
8,-0.265318
1
19,-0.796857
16,-0.253726
10
9,-0.559431
6,0.243913
3
18,0.569047
21,0.646276
12
17,-0.354022
22,-0.285232
12
20,0.541986
23,0.531552
24,