numInputs,2
numNodes,15
numOutputs,1
arity,2
functionSet,add,sub,mul,div,sq,sqrt,tanh,1,0,wire,sin,cos,min,max
4
0,-0.744789
0,0.737074
5
2,0.201388
0,-0.966620
13
3,0.636983
1,-0.192853
4
2,-0.787465
1,0.091098
5
4,-0.390328
1,-0.158543
13
5,-0.875883
6,-0.563762
2
1,0.730220
1,-0.543253
12
8,0.727661
7,-0.146530
4
9,0.559556
0,-0.350765
13
7,0.608937
2,-0.850619
9
10,-0.290135
9,-0.955861
11
12,-0.392851
0,-0.704409
11
7,0.746690
3,-0.150516
2
14,-0.775567
11,-0.204692
2
15,0.691908
13,0.311422
16,