numInputs,2
numNodes,26
numOutputs,1
arity,2
functionSet,add,sub,mul,div,sq,sqrt,tanh,1,0,wire,sin,cos,min,max
4
1,0.499792
0,-0.559057
5
2,-0.692308
1,-0.076539
6
0,0.191000
2,-0.461965
2
2,-0.447809
4,-0.261611
12
0,0.430074
3,0.621174
6
0,-0.663044
0,0.949856
8
0,0.644373
7,-0.926870
2
6,-0.831382
8,0.179301
13
3,-0.215404
2,-0.155461
12
10,-0.439128
1,-0.329340
4
4,0.284881
3,-0.811824
12
2,0.437949
9,-0.202961
13
7,-0.437034
10,-0.746225
8
1,0.941122
7,0.351122
1
14,0.820819
5,-0.952691
12
13,0.846074
11,0.281808
10
15,0.931271
0,-0.728865
6
16,-0.059202
3,0.109758
8
14,0.667280
7,0.487185
3
18,0.262770
4,0.573859
13
12,0.525003
17,0.626015
2
20,0.874134
21,-0.056516
0
12,-0.267261
23,-0.688780
6
22,-0.700926
19,-0.520276
1
24,-0.420212
25,-0.185673
10
26,-0.477758
23,0.502558
27,