numInputs,2
numNodes,16
numOutputs,1
arity,2
functionSet,add,sub,mul,div,sq,sqrt,tanh,1,0,wire,sin,cos,min,max
10
0,-0.562647
0,0.045883
11
0,0.985299
0,0.310809
5
2,-0.409024
3,0.455077
12
4,0.140106
0,0.115856
10
0,0.330027
2,-0.562816
6
5,-0.878781
3,-0.748928
3
0,0.588047
7,0.295209
2
7,-0.297447
1,-0.688252
3
9,0.864641
8,0.232952
0
0,0.887828
10,-0.117978
0
11,-0.439278
10,-0.852215
2
12,-0.910146
11,0.902869
11
13,-0.212107
13,0.282073
2
14,-0.468782
6,-0.646183
9
15,-0.219252
14,-0.601202
9
16,0.529617
16,-0.691207
17,