numInputs,2
numNodes,20
numOutputs,1
arity,2
functionSet,add,sub,mul,div,sq,sqrt,tanh,1,0,wire,sin,cos,min,max
13
0,0.425933
0,-0.985138
11
0,0.217108
0,0.542660
2
2,0.667982
3,-0.495724
5
3,-0.271979
1,-0.587429
5
1,-0.551451
0,-0.836639
9
6,0.633171
0,0.401014
13
2,-0.760794
0,0.930228
4
8,-0.752923
4,0.556910
10
4,-0.717091
6,0.790681
8
5,-0.878728
0,-0.552659
13
11,0.937329
7,0.700905
0
10,-0.382078
9,0.922386
1
3,0.460916
13,-0.753334
12
2,-0.027060
3,-0.237722
3
15,0.623887
5,-0.983289
0
16,0.685666
12,0.342052
9
14,0.831860
15,-0.076586
1
17,0.276898
18,-0.538854
11
19,-0.096022
15,-0.505622
4
20,-0.006327
19,0.299962
21,