numInputs,2
numNodes,15
numOutputs,1
arity,2
functionSet,add,sub,mul,div,sq,sqrt,tanh,1,0,wire,sin,cos,min,max
10
0,0.482201
1,0.816148
0
1,0.001036
2,0.647490
4
3,0.342913
1,0.253250
13
4,0.865739
1,0.695320
1
3,-0.792729
2,-0.951493
4
2,0.659463
5,0.972033
11
5,-0.554719
4,0.996364
12
8,-0.147021
6,0.737794
3
7,-0.049876
9,-0.994582
8
8,0.057549
4,0.327542
3
5,-0.932563
7,0.954602
11
11,-0.370109
10,-0.583560
1
13,0.760634
10,-0.548222
4
14,0.159751
10,-0.187626
12
12,-0.198334
15,-0.386713
16,