numInputs,2
numNodes,18
numOutputs,1
arity,2
functionSet,add,sub,mul,div,sq,sqrt,tanh,1,0,wire,sin,cos,min,max
0
0,-0.537300
1,0.168376
4
1,-0.535332
0,0.665659
0
3,-0.551274
2,0.793818
8
4,-0.879646
4,0.247788
11
1,-0.273891
2,0.732659
11
3,0.454433
3,-0.651401
5
5,-0.004389
1,-0.603981
2
5,-0.632313
0,0.230717
1
8,0.803594
7,-0.041028
1
5,0.702177
9,-0.064471
0
11,0.784382
10,-0.263702
1
4,-0.461061
12,0.492952
3
13,0.343081
6,-0.240584
6
14,0.114202
0,-0.827653
4
15,0.685946
4,0.917596
8
12,0.181325
11,-0.572639
13
16,-0.987143
17,0.808103
5
18,0.083018
17,-0.265269
19,