numInputs,2
numNodes,18
numOutputs,1
arity,2
functionSet,add,sub,mul,div,sq,sqrt,tanh,1,0,wire,sin,cos,min,max
12
1,-0.958326
0,-0.000412
10
2,0.230366
1,-0.710889
1
3,0.873310
2,0.314280
3
4,-0.280667
0,-0.870503
11
5,0.288072
4,-0.743814
4
3,0.459036
5,-0.596393
12
5,-0.401405
3,-0.015363
4
8,0.111396
7,-0.182681
11
7,-0.673575
5,-0.562562
4
6,0.513303
8,0.214696
6
9,-0.036409
1,-0.034658
2
11,-0.314765
1,0.051152
9
10,-0.316073
13,0.596599
1
0,0.366504
13,-0.073156
6
12,-0.447474
14,-0.328652
9
15,-0.260772
13,-0.684573
11
17,0.116727
17,0.414610
2
18,-0.780292
16,-0.150501
19,