numInputs,2
numNodes,22
numOutputs,1
arity,2
functionSet,add,sub,mul,div,sq,sqrt,tanh,1,0,wire,sin,cos,min,max
4
0,-0.650703
1,-0.543786
11
2,-0.526071
1,0.737181
2
0,0.358457
3,-0.158490
2
4,-0.131196
0,0.418382
0
1,0.454645
5,-0.180624
3
2,-0.085279
5,0.142835
10
1,-0.608999
3,-0.182073
1
6,0.135184
4,0.480115
12
6,0.177374
8,0.487268
5
2,0.718771
9,-0.876382
12
0,0.413875
0,-0.201442
2
12,0.219525
7,-0.842528
10
1,-0.409991
7,-0.631970
4
13,0.210019
5,-0.273013
13
15,0.790171
11,-0.356764
1
16,0.173581
14,0.219762
4
9,-0.364402
9,-0.090533
13
17,-0.440845
18,0.983491
0
0,0.202067
19,0.002738
10
10,0.414987
14,-0.248461
0
20,-0.213772
21,0.497258
10
22,0.264034
22,-0.074834
23,