numInputs,2
numNodes,27
numOutputs,1
arity,2
functionSet,add,sub,mul,div,sq,sqrt,tanh,1,0,wire,sin,cos,min,max
11
1,-0.547300
0,0.448689
6
0,0.098634
0,-0.923529
2
3,0.672908
2,0.218265
5
0,0.763884
0,-0.656244
1
4,-0.936435
3,0.264636
2
2,0.322391
6,-0.317693
10
0,0.381099
7,-0.147345
5
1,-0.357701
4,-0.449317
1
3,0.689291
7,-0.533954
9
5,-0.452448
8,-0.869727
0
11,-0.747068
4,0.687662
0
8,-0.160351
1,-0.641744
12
11,0.739722
1,-0.793023
13
14,-0.714404
9,0.726989
8
6,0.201743
6,-0.650518
10
10,-0.995323
16,0.968842
6
12,0.154653
6,0.816086
9
15,0.553798
14,0.307211
4
16,-0.905840
14,0.790473
6
3,-0.878104
11,-0.074022
13
20,0.363219
18,0.670875
11
13,-0.176707
17,0.486463
0
23,0.762461
22,0.812328
6
17,0.992737
24,0.459986
2
19,-0.038836
25,0.473150
6
26,0.913802
21,0.965658
3
27,-0.206751
24,-0.003944
28,