numInputs,2
numNodes,16
numOutputs,1
arity,2
functionSet,add,sub,mul,div,sq,sqrt,tanh,1,0,wire,sin,cos,min,max
11
0,0.125471
0,0.746608
6
0,-0.721060
2,-0.791037
0
0,0.982727
0,0.454621
2
3,-0.245577
3,-0.596732
10
5,-0.935144
0,0.603894
12
6,-0.928644
6,-0.438890
0
1,0.708087
4,-0.155375
4
7,0.891668
0,-0.645643
5
2,-0.394032
0,-0.069594
5
8,0.500449
10,-0.400586
10
9,0.510689
9,-0.291166
6
12,0.430623
7,-0.428785
0
13,-0.708939
11,-0.033087
13
14,-0.171195
10,-0.934455
10
15,0.981691
15,-0.184260
5
16,0.963138
15,0.166888
17,