numInputs,2
numNodes,16
numOutputs,1
arity,2
functionSet,add,sub,mul,div,sq,sqrt,tanh,1,0,wire,sin,cos,min,max
12
0,-0.367199
1,0.084485
0
1,0.136831
0,-0.212360
3
1,-0.384845
0,-0.970399
3
1,-0.582557
2,-0.013087
5
3,0.128405
1,-0.713316
11
6,-0.634351
4,0.912199
13
1,-0.682474
0,0.200418
6
5,-0.699609
1,0.651134
11
8,0.330289
8,0.686791
7
4,-0.165897
3,0.979360
3
10,-0.842404
7,0.241714
0
11,0.487126
4,0.942511
9
13,0.238160
13,-0.113770
5
14,-0.519959
14,-0.542649
3
12,0.216864
9,-0.547538
6
16,0.392353
15,0.861682
17,