numInputs,2
numNodes,27
numOutputs,1
arity,2
functionSet,add,sub,mul,div,sq,sqrt,tanh,1,0,wire,sin,cos,min,max
10
1,-0.904022
1,-0.697604
2
0,-0.334245
2,-0.153205
6
0,0.930239
1,-0.387411
10
3,-0.113400
0,-0.336174
9
0,-0.064539
1,-0.435782
0
6,-0.881880
5,-0.106208
6
5,0.177042
7,-0.697244
5
3,-0.286601
8,0.772784
11
9,-0.080845
3,0.363898
10
3,-0.723342
2,0.660160
1
2,0.723027
8,-0.955417
7
11,-0.361011
4,-0.715313
5
8,0.210845
0,-0.546382
0
3,0.475723
4,0.704443
1
1,0.748352
11,0.909752
10
15,0.566719
16,-0.691822
1
16,0.317923
13,-0.383818
1
12,-0.617617
14,-0.977631
1
11,-0.196286
19,0.709945
8
13,0.243082
7,0.774503
1
10,0.146382
17,-0.931764
12
21,0.591732
18,-0.538200
1
23,0.543272
21,0.319208
11
22,0.281601
23,-0.822988
13
20,0.843061
24,0.403280
11
26,0.099330
25,0.298892
2
25,-0.614239
27,0.727060
28,