numInputs,2
numNodes,15
numOutputs,1
arity,2
functionSet,add,sub,mul,div,sq,sqrt,tanh,1,0,wire,sin,cos,min,max
9
0,0.205327
1,-0.829153
10
2,-0.175657
2,0.971180
10
0,0.715864
0,-0.106391
10
4,-0.087289
2,-0.337013
5
1,0.322078
5,-0.456187
1
0,0.342857
5,0.459722
3
6,0.629897
7,-0.369135
9
8,-0.074344
2,-0.262003
1
9,0.982166
3,-0.605942
2
6,-0.515627
10,-0.360373
13
5,0.179475
11,0.881855
11
12,-0.417962
11,0.109109
8
11,-0.365197
13,0.416815
4
13,-0.733989
11,-0.312700
13
14,-0.379734
15,-0.225795
16,