numInputs,2
numNodes,17
numOutputs,1
arity,2
functionSet,add,sub,mul,div,sq,sqrt,tanh,1,0,wire,sin,cos,min,max
13
0,-0.095033
1,-0.750380
1
0,-0.435846
1,-0.032006
8
0,0.288029
2,-0.237637
10
1,0.142384
4,-0.546730
3
3,-0.519328
0,-0.044813
4
2,0.600314
4,-0.913437
9
6,-0.659461
2,0.994309
5
8,-0.663138
0,0.250103
1
4,0.119239
8,0.212360
6
9,0.953900
5,-0.461592
6
1,0.234533
10,-0.216230
3
5,-0.467859
11,0.635081
12
12,-0.903899
13,0.296444
10
3,0.621478
14,0.878754
4
14,-0.704685
12,0.965995
2
16,-0.200360
15,0.162360
1
7,-0.268498
17,-0.449406
18,