numInputs,2
numNodes,18
numOutputs,1
arity,2
functionSet,add,sub,mul,div,sq,sqrt,tanh,1,0,wire,sin,cos,min,max
2
0,0.600525
1,0.915942
1
1,-0.079284
2,-0.229733
13
3,-0.793834
0,0.670577
1
0,-0.032428
2,-0.315472
1
5,-0.741499
3,-0.347665
2
1,-0.119507
2,-0.038387
2
4,-0.010741
5,-0.265140
11
8,0.500942
8,0.367995
2
1,-0.060058
5,0.776976
0
9,0.144310
9,-0.243073
0
11,-0.932226
4,-0.587866
11
12,0.156358
5,-0.388309
10
7,-0.869196
8,-0.039018
1
13,-0.619694
14,0.072416
13
6,-0.570501
15,0.534423
12
13,0.582201
16,0.425344
10
10,0.301684
17,0.351754
2
17,0.545884
18,-0.956814
19,