numInputs,2
numNodes,18
numOutputs,1
arity,2
functionSet,add,sub,mul,div,sq,sqrt,tanh,1,0,wire,sin,cos,min,max
5
1,-0.131893
0,0.906142
13
2,-0.882866
2,0.842390
12
1,0.140510
3,-0.649846
11
3,-0.531932
0,0.448862
4
5,-0.832426
5,0.987282
1
4,-0.927011
4,-0.639734
2
6,0.846207
3,-0.158146
5
8,-0.359184
4,-0.530334
9
9,-0.169397
6,0.962409
0
0,0.923296
4,-0.942969
9
7,-0.904003
6,-0.597188
5
9,0.867851
10,-0.673093
1
10,-0.228426
13,-0.289744
11
11,0.808464
12,0.442698
10
12,-0.764726
0,0.667229
0
15,0.977831
14,-0.434786
0
1,-0.157766
16,0.876668
3
18,0.408205
17,-0.743653
19,