numInputs,2
numNodes,17
numOutputs,1
arity,2
functionSet,add,sub,mul,div,sq,sqrt,tanh,1,0,wire,sin,cos,min,max
13
0,0.207060
1,-0.561401
6
0,0.250342
0,0.398416
2
0,0.286154
0,0.401010
10
4,-0.897637
0,0.948382
3
4,-0.795922
1,-0.887627
11
6,-0.127659
6,-0.438482
2
3,-0.999924
2,0.667542
10
1,-0.095853
6,-0.459604
3
7,-0.092836
4,-0.167811
0
9,0.136892
8,0.723222
4
10,-0.298170
10,-0.784135
1
6,0.414487
11,0.706323
1
6,0.529851
5,0.350779
6
12,-0.875170
14,0.792754
4
13,-0.673679
10,0.552181
11
16,-0.426757
14,-0.252115
0
15,-0.192752
17,-0.359202
18,