numInputs,2
numNodes,22
numOutputs,1
arity,2
functionSet,add,sub,mul,div,sq,sqrt,tanh,1,0,wire,sin,cos,min,max
5
0,-0.021416
0,0.694648
1
0,-0.296471
2,0.810036
8
1,-0.629096
0,-0.112270
9
3,-0.639790
1,0.441250
1
1,-0.042932
5,0.682575
0
2,-0.667859
1,-0.918086
3
6,-0.231409
2,0.812572
3
5,-0.652833
8,0.290898
8
8,0.220066
7,0.824831
11
3,0.927472
5,-0.689108
11
7,0.281045
4,-0.365918
13
4,0.741500
11,-0.999162
3
13,-0.590559
12,0.511855
11
6,0.713505
12,-0.254580
6
11,-0.380101
9,-0.373192
5
16,0.041112
3,-0.702208
1
17,-0.527057
14,0.268715
0
10,-0.992846
15,-0.138540
5
13,0.245278
7,0.214127
2
19,-0.053544
18,0.686018
13
21,-0.271864
20,-0.620382
5
22,-0.688973
21,0.302591
23,