numInputs,2
numNodes,26
numOutputs,1
arity,2
functionSet,add,sub,mul,div,sq,sqrt,tanh,1,0,wire,sin,cos,min,max
9
1,-0.075035
1,0.643666
2
1,-0.573043
0,0.783545
2
2,-0.610146
3,-0.353674
11
2,0.723199
3,-0.679477
9
1,-0.761302
4,-0.191656
9
1,-0.552644
2,-0.052815
6
6,0.234205
5,0.606977
10
8,-0.442310
0,0.523679
7
0,-0.264691
6,0.871671
2
10,0.527522
4,0.597011
2
2,0.308471
7,-0.701908
3
5,0.120584
2,-0.966418
12
9,-0.709091
1,-0.895395
8
11,0.563544
13,-0.550268
0
10,0.579562
14,0.238853
2
15,-0.265053
12,0.168288
3
4,-0.747985
14,-0.870200
2
13,-0.747670
16,0.904079
10
18,0.597681
14,0.594262
12
3,0.381348
11,0.498331
1
21,0.137251
17,-0.710874
7
14,0.775409
17,0.628091
12
23,-0.298142
22,0.846994
6
20,-0.256687
19,-0.350340
1
0,-0.449121
24,0.859450
12
26,-0.726124
25,-0.364524
27,