numInputs,2
numNodes,20
numOutputs,1
arity,2
functionSet,add,sub,mul,div,sq,sqrt,tanh,1,0,wire,sin,cos,min,max
0
0,-0.751228
1,0.774103
9
1,0.413987
1,-0.027079
11
1,-0.485897
2,0.360517
4
4,-0.278484
4,-0.824286
6
3,0.196052
0,-0.112113
6
0,0.750562
2,-0.185385
4
7,-0.099655
5,0.362524
7
4,-0.368905
5,-0.384761
7
0,-0.804434
2,-0.692327
0
2,-0.959632
8,0.244651
10
11,0.891871
2,-0.307368
6
9,-0.075172
12,-0.406633
2
5,0.669681
2,0.498400
3
6,0.302368
13,0.770417
9
14,-0.168796
15,0.833290
11
10,0.732219
13,-0.004476
0
15,-0.479306
15,0.153472
6
16,0.169258
17,0.672709
0
19,-0.304057
18,0.654283
13
1,0.232171
20,-0.283978
21,