numInputs,2
numNodes,19
numOutputs,1
arity,2
functionSet,add,sub,mul,div,sq,sqrt,tanh,1,0,wire,sin,cos,min,max
5
0,-0.271559
1,0.184390
1
0,-0.748484
2,-0.621650
11
3,-0.513098
2,0.990392
8
3,-0.824223
3,-0.513670
6
1,-0.812068
0,0.115224
6
4,0.140343
4,-0.569426
7
0,-0.096653
7,-0.419295
12
7,0.170945
6,0.088892
10
5,0.750876
8,0.794978
9
9,0.232009
1,-0.355027
8
10,0.080400
9,0.200316
9
10,-0.748902
7,-0.058156
13
13,0.736086
4,0.149118
13
12,0.631415
8,-0.930594
1
4,-0.975570
15,0.732009
10
11,0.359650
6,-0.861398
4
14,-0.401818
10,0.891990
1
17,-0.139081
16,0.171260
3
18,-0.618643
19,0.386176
20,