numInputs,2
numNodes,40
numOutputs,1
arity,2
functionSet,add,sub,mul,div,sq,sqrt,tanh,1,0,wire,sin,cos,min,max
6
1,0.887195
1,0.918525
13
0,-0.911194
0,-0.802202
0
0,-0.451778
3,-0.229620
0
1,0.533679
2,-0.176882
0
1,-0.367928
2,0.811020
3
0,0.906653
0,-0.002576
9
0,-0.181527
5,0.167256
5
8,0.782019
8,0.151156
3
5,0.338832
0,0.632977
0
10,-0.250763
3,0.305418
11
11,-0.840369
8,-0.728106
8
5,0.154681
7,-0.389451
12
9,-0.591241
8,-0.415805
10
3,0.279489
14,0.973881
0
12,-0.851641
1,-0.972071
9
12,-0.286422
7,0.257427
4
3,-0.817210
4,-0.095707
1
14,-0.280379
4,0.778802
5
18,-0.947309
17,0.660707
5
1,0.257574
14,0.862958
6
8,0.765225
16,0.466638
12
21,-0.447548
9,-0.006158
3
7,0.770117
19,-0.840563
0
20,0.350025
0,-0.712525
13
25,-0.724456
15,0.736988
0
6,0.386754
21,0.456080
0
24,-0.646108
23,-0.740656
3
13,-0.037881
26,-0.731611
0
17,0.560790
28,0.511285
1
22,-0.285644
29,-0.033630
1
30,0.612182
6,0.894792
12
30,0.220410
3,-0.809741
1
21,-0.306186
33,-0.078859
1
31,-0.274584
23,0.001311
3
22,-0.019158
34,-0.070188
6
32,-0.263427
35,-0.988470
0
36,-0.012970
37,0.343590
9
38,0.098809
38,0.594828
1
24,-0.045977
27,0.468459
2
39,0.081119
40,0.798123
41,