numInputs,2
numNodes,15
numOutputs,1
arity,2
functionSet,add,sub,mul,div,sq,sqrt,tanh,1,0,wire,sin,cos,min,max
5
1,0.696746
1,-0.240339
6
0,0.747269
1,-0.723731
3
1,0.428965
0,-0.388108
5
4,-0.278548
3,0.837284
11
3,0.467465
2,-0.941338
11
6,0.145457
0,0.460962
3
7,0.127867
2,-0.328243
9
2,0.424749
1,0.764181
10
9,-0.244001
5,0.022305
0
10,0.982082
8,0.630041
6
5,-0.626839
3,-0.860585
3
8,-0.691231
11,-0.777182
0
12,0.935055
13,-0.588874
8
14,0.935585
13,-0.489975
13
15,0.685377
14,-0.286992
16,