numInputs,2
numNodes,19
numOutputs,1
arity,2
functionSet,add,sub,mul,div,sq,sqrt,tanh,1,0,wire,sin,cos,min,max
2
1,-0.609063
1,-0.493590
3
2,0.984860
2,0.717736
2
3,0.399002
2,-0.428923
10
3,-0.048434
2,-0.708797
9
4,0.196607
5,0.532415
1
4,0.770123
1,-0.506313
11
6,-0.714341
7,0.986515
4
0,0.043224
7,0.272983
13
3,0.961963
2,-0.979512
11
5,-0.154629
7,-0.241919
0
2,-0.115819
10,-0.447061
3
11,-0.670184
12,-0.594167
4
8,0.941806
13,-0.468608
4
9,0.637238
13,0.977295
2
13,0.326928
7,-0.608274
1
14,-0.240975
16,0.756339
8
15,0.335897
11,0.664327
0
15,-0.097764
18,0.729178
3
19,-0.362485
17,0.447243
20,