numInputs,2
numNodes,19
numOutputs,1
arity,2
functionSet,add,sub,mul,div,sq,sqrt,tanh,1,0,wire,sin,cos,min,max
2
0,-0.727782
1,0.738691
4
1,-0.271453
2,-0.416982
13
2,0.159829
1,0.393054
5
1,-0.966374
0,-0.311163
0
5,0.672441
5,0.615961
7
2,-0.217714
4,0.657226
11
7,-0.645699
6,-0.867181
12
7,0.200332
4,-0.773611
1
0,-0.053473
4,0.606956
5
9,-0.746000
8,-0.167977
0
10,0.908153
6,0.163080
11
12,0.118305
8,-0.720286
4
8,0.827503
0,-0.552450
3
2,-0.596037
11,0.167543
6
14,0.717586
15,0.525666
3
16,0.323556
13,0.135686
4
3,0.847290
0,-0.120817
3
3,-0.576841
17,0.126180
2
18,-0.740781
19,-0.712356
20,