numInputs,2
numNodes,17
numOutputs,1
arity,2
functionSet,add,sub,mul,div,sq,sqrt,tanh,1,0,wire,sin,cos,min,max
5
1,0.068039
0,0.103521
1
0,0.898703
1,-0.006671
5
0,-0.481752
1,-0.677859
0
1,0.898311
2,0.027307
6
0,-0.647799
3,-0.175561
4
5,0.492567
6,0.594915
5
7,-0.965771
5,-0.355372
5
8,-0.536233
1,-0.695944
2
9,0.497455
4,-0.989680
9
10,0.690611
3,0.362207
1
2,0.696065
9,-0.358589
0
8,-0.040426
11,0.019367
12
13,-0.379758
6,-0.629680
10
12,-0.869468
7,0.629171
2
15,0.856690
3,-0.139455
0
16,-0.520133
14,0.157600
10
17,0.573475
17,0.319998
18,