numInputs,2
numNodes,17
numOutputs,1
arity,2
functionSet,add,sub,mul,div,sq,sqrt,tanh,1,0,wire,sin,cos,min,max
5
1,0.814355
0,0.648739
10
2,-0.068079
2,-0.845434
3
0,-0.542494
2,-0.852463
2
2,0.233404
3,-0.329086
11
1,0.337951
3,-0.761162
7
4,-0.016579
3,0.074915
1
5,0.335151
4,-0.841809
2
2,-0.725238
1,0.917619
6
9,-0.494125
4,0.079236
6
6,0.841555
7,-0.301161
12
3,-0.679521
5,0.528758
1
10,-0.607507
7,-0.124618
0
7,-0.805502
13,-0.665419
0
11,-0.735610
8,0.635549
11
15,0.480097
13,0.798586
12
14,0.209196
12,-0.779362
13
17,0.477008
16,0.719548
18,