numInputs,2
numNodes,16
numOutputs,1
arity,2
functionSet,add,sub,mul,div,sq,sqrt,tanh,1,0,wire,sin,cos,min,max
10
0,0.587710
1,-0.412395
3
0,-0.501788
2,-0.714139
1
3,0.768684
1,0.749609
13
2,-0.274008
2,0.167068
0
3,0.793086
4,0.154877
6
6,-0.767527
3,0.742856
13
7,0.719925
4,-0.050646
2
1,0.692511
4,0.869729
6
5,0.222868
0,-0.508279
4
4,-0.656728
9,-0.614146
13
9,0.454862
3,0.767807
6
12,0.362978
3,-0.411264
13
10,0.290693
11,0.373769
3
14,-0.315379
8,-0.628010
9
15,-0.793689
10,0.230825
6
13,-0.026910
16,-0.443161
17,