numInputs,2
numNodes,20
numOutputs,1
arity,2
functionSet,add,sub,mul,div,sq,sqrt,tanh,1,0,wire,sin,cos,min,max
7
1,-0.981467
1,-0.299889
1
0,-0.456758
1,-0.781090
0
2,-0.753758
1,-0.537880
8
3,-0.634860
0,-0.164879
10
0,-0.370854
2,-0.876099
12
3,0.953487
3,-0.955264
3
4,0.576550
7,0.029731
7
8,-0.786065
5,0.399288
7
6,-0.209504
8,-0.037399
13
1,-0.623515
8,-0.763669
9
2,-0.330376
0,0.870434
2
5,-0.044759
3,0.301738
1
12,0.396052
6,0.325316
13
11,0.831688
10,-0.389265
0
15,0.539800
13,0.707348
10
16,-0.929294
9,-0.130416
12
17,-0.205296
14,-0.761932
1
9,-0.390046
18,-0.170135
3
0,-0.307885
19,-0.675037
11
20,0.418470
20,0.219155
21,