numInputs,2
numNodes,19
numOutputs,1
arity,2
functionSet,add,sub,mul,div,sq,sqrt,tanh,1,0,wire,sin,cos,min,max
5
1,0.272442
1,-0.556890
1
1,-0.845433
1,0.362078
7
1,0.561243
3,-0.633699
13
4,0.149096
0,-0.575628
7
5,-0.588543
1,0.796432
3
2,-0.586617
0,-0.661959
12
7,-0.334561
0,0.774161
3
8,0.348676
5,0.556618
11
5,-0.735753
5,0.421424
7
9,-0.250389
10,0.484982
11
5,0.053313
8,0.204407
1
8,-0.113623
3,-0.937207
6
11,0.747285
10,0.566068
2
14,-0.123131
6,-0.786340
3
9,-0.010082
0,-0.634650
13
16,-0.659423
15,0.547925
12
16,-0.523931
17,-0.428264
12
18,-0.044275
12,0.304398
0
13,0.266710
19,0.869344
20,