numInputs,2
numNodes,31
numOutputs,1
arity,2
functionSet,add,sub,mul,div,sq,sqrt,tanh,1,0,wire,sin,cos,min,max
0
0,0.513976
1,-0.205989
0
0,0.320328
2,-0.378909
11
2,-0.172719
0,-0.526276
12
3,0.975756
4,-0.147357
6
1,0.805899
0,-0.356497
9
6,-0.584138
1,-0.093895
1
6,-0.877349
1,0.225337
7
3,-0.588961
4,0.624402
13
1,-0.151889
6,0.150180
12
2,0.601372
10,-0.857513
6
3,-0.462374
4,0.437403
3
6,0.645666
4,-0.330580
12
13,0.567521
13,-0.147981
10
8,-0.069497
11,0.432711
1
11,0.175432
7,0.903361
0
16,0.334901
9,-0.663648
0
15,-0.725985
4,0.944016
10
18,0.743436
7,0.086927
8
19,-0.509025
9,-0.031969
0
5,-0.323625
10,-0.253052
3
20,-0.714056
4,0.426523
0
0,-0.502546
19,0.556490
3
20,0.136999
22,-0.465935
1
23,0.603120
21,0.644613
9
25,0.678792
23,0.713064
0
12,-0.688932
26,0.510332
11
17,0.612181
15,-0.981917
1
7,0.309246
24,0.663384
13
29,-0.284542
27,-0.621071
1
14,-0.302086
28,0.585652
2
31,-0.441191
30,-0.757146
32,