numInputs,2
numNodes,19
numOutputs,1
arity,2
functionSet,add,sub,mul,div,sq,sqrt,tanh,1,0,wire,sin,cos,min,max
0
1,0.553219
1,-0.750320
9
0,-0.504283
0,-0.126770
4
2,-0.556572
3,0.023410
6
3,0.104625
3,-0.458597
9
5,-0.355162
5,0.783363
6
3,-0.395034
1,0.218453
9
4,0.826857
4,0.763083
1
7,0.447651
4,-0.266179
5
8,0.452879
7,-0.665117
11
10,0.325273
7,-0.936272
13
6,-0.559303
11,-0.837461
8
11,-0.519583
4,-0.165489
8
6,0.528012
6,0.444650
11
14,-0.946008
10,0.155815
10
9,-0.034940
8,0.278054
12
16,0.158858
12,0.388598
11
17,-0.553984
8,0.975449
2
13,-0.663977
15,-0.489942
1
19,-0.628379
18,0.313488
20,