numInputs,2
numNodes,30
numOutputs,1
arity,2
functionSet,add,sub,mul,div,sq,sqrt,tanh,1,0,wire,sin,cos,min,max
2
1,-0.475348
0,0.364964
12
1,0.500628
0,0.149020
7
3,-0.938788
1,0.876815
4
0,-0.230547
1,-0.513752
5
2,-0.140756
2,0.146214
8
6,-0.626736
1,0.305816
11
7,-0.980170
5,-0.631639
3
3,0.979695
8,-0.537064
13
6,-0.244183
9,-0.312949
11
10,-0.366341
2,0.908902
12
1,-0.719818
6,0.600728
7
9,0.125252
0,-0.396908
13
6,0.911065
4,-0.899738
7
14,0.901230
14,-0.723331
7
14,0.432831
12,0.911280
1
12,-0.721268
14,-0.565696
10
17,-0.817304
8,-0.938160
3
16,0.603748
15,0.947010
4
5,0.846691
16,-0.363439
9
10,0.129854
12,-0.052507
1
21,0.294534
11,0.370578
6
13,-0.853381
12,-0.713950
4
20,-0.661160
21,-0.709992
13
23,0.624176
0,0.851773
1
22,0.443735
25,-0.622147
12
19,-0.780007
26,-0.163345
4
27,-0.612423
26,-0.219172
10
28,-0.993897
24,-0.551428
6
18,-0.671301
29,-0.209223
2
24,-0.754812
30,-0.570966
31,