numInputs,2
numNodes,23
numOutputs,1
arity,2
functionSet,add,sub,mul,div,sq,sqrt,tanh,1,0,wire,sin,cos,min,max
9
1,-0.907370
1,0.968084
11
1,-0.857122
1,-0.539647
4
2,0.897349
3,0.289287
6
4,-0.903634
0,0.373714
0
5,-0.801259
1,-0.304410
9
3,0.961657
6,0.196790
10
7,0.905557
2,0.834502
1
5,0.694595
3,0.926263
1
8,-0.996302
8,-0.301430
11
10,0.137961
3,-0.565694
4
8,0.420379
5,-0.533554
2
9,-0.588327
5,-0.531141
2
6,-0.379633
2,0.524377
4
14,-0.732911
4,0.297570
13
2,0.762991
12,-0.366514
11
16,-0.250635
6,-0.172542
0
17,0.919168
7,0.090433
4
15,0.731811
17,0.193521
3
19,0.586766
13,0.214598
11
18,-0.336919
15,0.136730
4
21,0.702310
1,-0.058639
2
20,0.254638
22,-0.753248
12
23,0.530821
11,-0.291195
24,