numInputs,2
numNodes,19
numOutputs,1
arity,2
functionSet,add,sub,mul,div,sq,sqrt,tanh,1,0,wire,sin,cos,min,max
0
1,-0.000765
1,-0.954785
12
0,-0.348256
0,-0.462921
12
0,-0.587947
1,0.784015
5
2,-0.898302
2,0.297080
3
5,0.252614
4,0.589567
11
4,-0.881566
6,0.198665
11
5,-0.093823
7,0.498932
2
4,0.159944
8,-0.753879
10
6,0.583044
4,0.703823
7
6,-0.684349
0,-0.517481
1
9,-0.316965
3,-0.724689
1
12,-0.474862
10,-0.734398
10
11,0.758775
11,0.221439
6
1,-0.795521
0,0.770236
1
13,-0.272384
15,0.709688
3
16,0.731212
7,0.573200
4
14,0.529931
16,-0.880239
6
17,-0.807243
18,0.235069
11
19,0.027114
8,0.446526
20,