numInputs,2
numNodes,18
numOutputs,1
arity,2
functionSet,add,sub,mul,div,sq,sqrt,tanh,1,0,wire,sin,cos,min,max
5
0,-0.550244
0,0.986077
12
0,0.826930
1,-0.499189
10
2,-0.309462
1,0.990845
11
4,-0.483839
2,0.310095
7
5,0.196526
5,-0.256625
4
0,0.589907
2,-0.167560
8
0,-0.760883
4,-0.100163
2
1,0.573918
7,-0.523849
4
9,0.435905
8,-0.194634
3
8,-0.907740
5,-0.248390
5
5,0.968535
9,-0.038533
10
11,0.753496
8,-0.518847
0
13,-0.291866
12,-0.763996
13
6,0.222703
14,-0.051169
3
3,0.485281
15,-0.348022
2
16,-0.818386
10,-0.041543
10
17,0.919428
7,-0.385148
4
18,0.840038
14,-0.411367
19,