numInputs,2
numNodes,15
numOutputs,1
arity,2
functionSet,add,sub,mul,div,sq,sqrt,tanh,1,0,wire,sin,cos,min,max
9
1,-0.675888
1,0.403730
7
2,0.873930
0,0.089093
4
2,-0.132573
1,-0.569267
11
4,0.528880
2,-0.145343
0
1,0.835272
5,-0.880207
1
2,-0.266698
2,-0.708364
6
7,-0.165285
7,-0.747775
13
0,-0.390745
8,0.473177
1
6,-0.814548
9,-0.845828
0
3,0.227818
10,-0.232429
8
3,0.598149
9,0.938368
7
12,-0.080015
12,-0.067044
1
11,0.276042
10,-0.982729
1
14,0.308601
12,-0.217121
1
13,0.319298
15,0.598313
16,