numInputs,2
numNodes,21
numOutputs,1
arity,2
functionSet,add,sub,mul,div,sq,sqrt,tanh,1,0,wire,sin,cos,min,max
12
0,-0.178051
0,-0.468252
6
2,-0.775308
1,0.215920
5
2,-0.961684
0,0.824554
4
2,0.596823
2,0.512864
3
4,0.890932
4,-0.415110
12
4,0.356221
0,0.645703
0
7,0.717902
5,0.362093
12
7,-0.408074
8,-0.942503
6
0,0.493177
3,0.125110
2
0,0.273139
10,-0.942196
2
10,0.832030
0,0.324317
3
9,-0.216127
3,-0.379429
2
11,-0.208105
4,0.140308
10
12,0.125214
7,-0.473640
12
1,0.460557
15,-0.804304
1
16,0.773758
6,-0.055212
4
17,-0.852982
16,-0.960297
2
13,-0.408116
18,-0.789301
5
14,-0.241549
13,0.498895
1
19,-0.569801
20,-0.065590
4
21,0.752411
21,0.532374
22,