numInputs,2
numNodes,20
numOutputs,1
arity,2
functionSet,add,sub,mul,div,sq,sqrt,tanh,1,0,wire,sin,cos,min,max
1
1,-0.223428
0,-0.317547
11
0,-0.225207
2,-0.757148
5
1,-0.861078
2,-0.402244
9
1,0.053213
1,-0.992091
12
5,0.334937
1,-0.487687
4
2,-0.656158
2,0.769476
8
0,0.089518
0,-0.869709
11
7,0.515462
1,0.900718
5
6,-0.415264
7,0.281177
6
8,0.858986
3,-0.517907
12
5,0.503843
4,-0.072561
0
2,0.174162
2,0.253193
11
9,-0.085149
5,-0.582719
13
11,-0.779951
10,0.542083
0
15,0.170741
14,-0.680273
5
11,-0.145178
16,0.461582
13
13,0.971754
17,-0.748704
11
16,-0.407859
14,0.918023
13
18,-0.028632
12,-0.713021
3
20,-0.218413
19,0.939833
21,