numInputs,2
numNodes,24
numOutputs,1
arity,2
functionSet,add,sub,mul,div,sq,sqrt,tanh,1,0,wire,sin,cos,min,max
10
1,-0.357867
1,-0.444871
1
0,-0.809948
2,0.139574
12
0,0.783707
1,-0.696128
10
1,-0.346402
1,0.000762
5
3,-0.932600
4,-0.094032
10
6,0.599722
4,0.810491
4
5,0.493988
4,0.769750
12
8,-0.543930
7,-0.985566
5
1,0.543533
8,-0.351202
3
4,0.110528
10,0.972370
3
0,0.099275
9,0.280307
8
0,0.317359
3,-0.078396
11
13,-0.787894
13,-0.866221
4
5,-0.298323
1,-0.212482
13
12,-0.803497
11,-0.359533
13
4,-0.907430
14,-0.509863
13
15,0.450812
16,0.142240
10
17,-0.656202
11,0.706231
7
18,0.466636
14,-0.390181
1
20,-0.223947
18,-0.002758
12
21,0.377680
19,0.753228
11
22,-0.119785
19,-0.042257
4
23,0.142764
13,0.857491
4
24,0.337041
23,-0.456806
25,