numInputs,2
numNodes,15
numOutputs,1
arity,2
functionSet,add,sub,mul,div,sq,sqrt,tanh,1,0,wire,sin,cos,min,max
6
0,-0.573724
1,0.692551
11
1,-0.125739
0,-0.454655
5
0,0.943939
0,-0.510168
5
3,0.837183
1,0.868275
5
2,-0.867357
5,-0.706667
3
5,-0.947973
6,-0.846550
9
3,-0.780284
6,-0.081362
10
7,0.125655
5,0.378079
11
4,-0.935429
8,0.969817
10
10,-0.474894
10,-0.060598
0
9,0.511797
8,0.548600
10
12,0.533376
10,-0.152709
7
9,0.711908
10,0.128754
3
14,-0.455263
13,-0.766611
3
15,-0.146419
11,0.040098
16,