numInputs,2
numNodes,18
numOutputs,1
arity,2
functionSet,add,sub,mul,div,sq,sqrt,tanh,1,0,wire,sin,cos,min,max
3
0,-0.541712
1,0.793106
4
2,0.456164
2,-0.895328
2
0,0.493665
1,-0.621163
13
4,-0.098451
3,0.084389
6
3,-0.667801
1,0.329735
3
0,-0.028526
6,-0.513641
11
1,-0.107261
4,-0.361579
7
8,-0.092555
8,0.641882
3
5,-0.040289
7,-0.374876
3
10,-0.423223
8,-0.799060
13
9,0.614386
4,0.390547
8
12,0.196845
12,-0.094868
0
12,0.685851
11,-0.503857
5
14,-0.576554
8,-0.931536
13
13,-0.710403
12,-0.326031
4
15,-0.496408
15,-0.222020
11
17,0.740271
5,-0.541803
12
18,-0.074607
16,-0.740293
19,