numInputs,2
numNodes,18
numOutputs,1
arity,2
functionSet,add,sub,mul,div,sq,sqrt,tanh,1,0,wire,sin,cos,min,max
4
1,-0.403865
1,0.377272
10
1,-0.088722
2,0.122268
5
0,-0.875716
2,-0.935683
6
1,-0.121970
4,0.045974
10
5,0.958593
2,-0.924045
11
1,0.113636
3,-0.553336
3
3,-0.173656
2,0.252161
8
4,0.316497
7,0.671863
4
7,0.032587
7,-0.096045
10
0,-0.825693
9,-0.330997
11
0,-0.067610
5,0.624251
11
12,-0.734775
7,-0.677792
1
10,0.630761
11,-0.277203
13
14,-0.831068
8,-0.228832
2
13,-0.873713
12,-0.741121
13
9,-0.547716
16,-0.806918
1
17,-0.101238
15,0.648024
3
18,0.554916
6,-0.020965
19,