numInputs,2
numNodes,15
numOutputs,1
arity,2
functionSet,add,sub,mul,div,sq,sqrt,tanh,1,0,wire,sin,cos,min,max
7
1,-0.630657
1,0.616636
0
1,-0.179042
2,-0.241706
11
2,0.251139
0,0.678008
5
3,0.236231
3,-0.075328
10
0,0.307694
4,-0.704822
1
0,0.437656
5,0.901060
12
7,0.301349
4,0.816482
9
4,0.919533
8,0.817054
3
8,-0.449723
6,-0.391917
13
5,0.176359
9,-0.205657
0
11,0.876383
10,0.155981
11
12,0.419599
9,-0.542968
4
13,-0.166923
12,-0.986848
10
12,0.708848
14,0.915019
12
14,-0.229528
15,0.272724
16,