numInputs,2
numNodes,36
numOutputs,1
arity,2
functionSet,add,sub,mul,div,sq,sqrt,tanh,1,0,wire,sin,cos,min,max
5
0,0.080714
0,-0.150711
12
1,-0.403667
1,0.969500
7
0,0.843879
1,-0.128315
5
0,0.993415
1,0.168873
13
3,-0.614836
3,-0.768621
4
4,0.700999
3,-0.121531
9
4,0.763735
3,-0.039809
13
6,0.231217
5,-0.495709
4
7,0.331971
8,-0.920388
2
7,-0.127665
10,-0.994367
5
5,-0.611977
8,-0.231869
11
5,-0.076770
8,-0.195319
4
5,-0.813862
8,-0.752016
12
9,-0.838845
13,-0.988138
5
3,-0.829510
15,0.617604
3
14,-0.980015
12,0.840238
2
15,0.054018
7,0.039741
4
3,-0.567530
9,-0.596184
0
4,-0.517186
17,0.502765
1
1,-0.973254
12,-0.399462
13
18,0.786984
21,-0.288861
0
20,-0.560367
16,-0.948670
1
15,-0.605007
2,-0.254376
10
8,0.500188
5,-0.932701
13
24,0.924789
4,0.675058
6
25,-0.872065
22,0.649987
8
6,0.185370
25,-0.924537
1
27,0.707579
19,-0.045054
3
29,-0.772588
11,-0.968553
10
23,0.102782
26,-0.356840
0
31,-0.793209
25,0.829180
2
30,-0.984135
26,-0.071348
12
28,0.598529
33,0.117727
3
31,0.559923
34,-0.825485
11
35,0.925665
35,-0.626480
2
36,0.808325
32,0.757230
37,