numInputs,2
numNodes,21
numOutputs,1
arity,2
functionSet,add,sub,mul,div,sq,sqrt,tanh,1,0,wire,sin,cos,min,max
8
0,0.415401
0,-0.825761
5
0,-0.184546
2,-0.127150
12
2,0.636687
0,0.216413
0
0,-0.842730
3,-0.642930
10
3,0.168344
4,-0.151053
3
0,0.825155
6,0.453751
11
7,-0.758497
0,0.369307
12
3,-0.522570
4,0.421698
7
9,0.342990
7,-0.179756
3
10,-0.732272
8,-0.251382
3
6,-0.471856
4,0.433331
1
12,0.759311
11,0.283489
5
1,0.697166
9,-0.232332
5
5,0.017583
2,0.522204
13
1,0.089358
15,0.985915
5
9,-0.345172
15,-0.462623
3
13,-0.818086
14,0.352473
1
16,0.799605
11,-0.230527
4
17,0.238623
16,-0.692117
6
18,-0.783430
19,-0.085583
0
21,0.370310
20,-0.185195
22,