numInputs,2
numNodes,19
numOutputs,1
arity,2
functionSet,add,sub,mul,div,sq,sqrt,tanh,1,0,wire,sin,cos,min,max
10
1,-0.093929
0,0.706022
12
2,-0.793077
1,-0.915880
9
2,-0.402088
1,-0.676770
9
1,-0.325032
1,-0.062817
5
4,0.067026
3,-0.862112
6
5,-0.061306
4,-0.609733
2
0,0.703404
3,0.551134
0
5,0.152522
6,-0.249178
4
8,-0.776511
0,-0.307832
1
8,-0.512143
9,0.930016
11
11,0.138653
4,-0.907400
2
7,-0.497792
10,0.663891
13
12,-0.603248
13,-0.767020
6
1,-0.973127
6,0.952138
3
4,-0.526335
15,-0.647631
4
16,-0.762700
9,0.936198
10
8,0.135280
15,0.475330
6
17,-0.036603
14,-0.718264
1
18,0.635329
19,-0.398590
20,