numInputs,2
numNodes,22
numOutputs,1
arity,2
functionSet,add,sub,mul,div,sq,sqrt,tanh,1,0,wire,sin,cos,min,max
8
0,0.445060
0,-0.671655
1
0,-0.220097
2,-0.192046
10
2,0.460862
2,0.624005
3
0,-0.724720
1,0.101241
12
0,-0.889837
1,-0.701680
1
3,-0.882229
3,0.141796
0
6,0.254634
3,-0.383697
12
1,0.041050
0,0.699410
0
9,0.216948
4,-0.699328
9
0,-0.348224
10,0.233510
2
10,-0.055941
5,-0.651705
11
11,-0.100746
6,0.960434
12
7,0.204272
1,-0.246565
10
12,0.527117
13,-0.212939
11
14,0.505174
14,0.342395
3
4,-0.283840
16,0.576505
6
8,0.930652
11,0.930893
10
18,-0.349923
18,-0.545404
2
13,-0.811359
15,-0.597134
9
20,-0.149932
8,0.797763
1
21,-0.185114
19,-0.630842
13
17,0.563786
22,0.712997
23,