numInputs,2
numNodes,20
numOutputs,1
arity,2
functionSet,add,sub,mul,div,sq,sqrt,tanh,1,0,wire,sin,cos,min,max
13
0,-0.685142
1,-0.904353
3
2,0.366548
1,0.038628
4
1,-0.379621
3,0.378051
5
1,-0.010943
0,-0.614510
0
2,0.114024
1,0.237288
0
2,0.312838
5,-0.915488
2
4,0.660915
4,0.709439
4
6,0.830708
0,0.855247
4
8,-0.652086
3,0.702136
10
10,-0.153330
5,-0.057050
8
3,-0.894653
0,0.940555
0
1,0.920041
3,-0.801532
4
7,-0.893755
1,0.575341
10
7,-0.361502
14,0.623801
0
9,-0.113522
12,0.951381
13
13,-0.617771
14,0.809991
2
15,-0.286023
16,0.809905
12
17,0.238510
18,0.557520
9
19,-0.124852
18,-0.870015
2
20,-0.705043
11,-0.116933
21,