numInputs,2
numNodes,23
numOutputs,1
arity,2
functionSet,add,sub,mul,div,sq,sqrt,tanh,1,0,wire,sin,cos,min,max
7
0,0.515519
1,0.724734
6
0,0.905706
1,0.278347
5
2,0.741888
0,0.913564
5
0,-0.553808
2,0.256183
8
1,0.415172
0,0.379615
0
5,-0.438158
4,-0.000031
1
5,-0.989692
0,-0.913114
6
5,-0.932368
5,0.449597
5
7,-0.562441
0,-0.453444
2
9,-0.866105
1,0.691274
13
10,0.425469
5,-0.735547
4
5,0.613084
6,0.143152
5
8,-0.837767
4,-0.882240
2
6,0.455572
3,-0.503752
2
11,-0.064795
13,0.736018
0
7,0.635120
14,0.881401
0
15,-0.485650
12,-0.582310
6
18,-0.580132
6,-0.604549
10
17,-0.130427
14,-0.969630
10
20,0.521134
9,-0.730630
10
16,0.380403
14,0.608266
6
21,-0.506824
19,-0.310878
3
22,-0.652382
23,-0.598048
24,