numInputs,2
numNodes,24
numOutputs,1
arity,2
functionSet,add,sub,mul,div,sq,sqrt,tanh,1,0,wire,sin,cos,min,max
1
1,0.387379
0,0.192405
9
2,0.872106
2,0.443579
3
2,0.653182
0,0.132546
2
2,-0.430386
1,-0.238640
0
1,-0.598052
5,-0.299398
13
0,-0.723259
2,-0.731710
1
6,0.944675
3,0.819118
0
8,-0.327017
5,0.690710
12
0,0.631965
3,-0.175663
10
0,-0.507684
3,0.352437
2
10,-0.947502
0,0.323543
4
7,0.682177
12,0.151261
13
6,-0.074946
11,-0.930825
11
9,0.744705
12,0.130981
4
14,0.344766
9,0.578790
2
2,0.404079
12,-0.487566
8
9,-0.785921
16,-0.955191
6
4,0.649131
18,-0.805204
2
13,-0.402736
19,-0.324975
6
20,-0.708451
16,-0.385540
11
17,-0.413720
9,0.869498
1
22,-0.582490
15,0.472148
4
23,0.931953
20,0.910007
6
21,0.209579
24,0.754012
25,