numInputs,2
numNodes,21
numOutputs,1
arity,2
functionSet,add,sub,mul,div,sq,sqrt,tanh,1,0,wire,sin,cos,min,max
2
1,-0.113199
0,0.140327
9
1,-0.113996
0,-0.442087
0
1,-0.705442
1,0.254690
0
4,0.279810
3,-0.216352
0
2,-0.274343
1,-0.857984
1
0,0.262152
1,-0.486343
0
4,0.059747
5,-0.170008
3
7,-0.929112
0,-0.952096
12
6,-0.543042
4,0.635028
5
8,-0.811163
9,-0.863564
7
7,-0.574624
0,0.551395
11
2,0.141465
8,0.492470
3
11,-0.068758
9,-0.753795
5
12,-0.320530
9,-0.395957
6
11,0.947347
15,-0.889966
10
14,-0.460531
16,-0.179021
9
13,-0.340044
8,0.924958
11
10,-0.535076
9,-0.621963
6
16,-0.586354
18,-0.356312
12
19,0.984681
20,0.520436
1
17,0.371495
21,0.823036
22,