numInputs,2
numNodes,16
numOutputs,1
arity,2
functionSet,add,sub,mul,div,sq,sqrt,tanh,1,0,wire,sin,cos,min,max
10
0,-0.143467
1,0.827338
2
2,0.873558
1,-0.966863
1
1,-0.024287
2,0.199463
11
4,-0.205236
0,0.096625
11
3,0.116766
3,-0.171168
1
6,-0.982183
4,0.348982
7
5,-0.715790
5,-0.819377
10
7,0.557332
5,-0.909156
11
3,0.231913
8,0.682415
10
10,0.303399
9,-0.538654
12
11,-0.724814
1,-0.945073
12
9,0.760393
5,0.759986
0
13,-0.542467
13,0.884460
1
14,-0.114585
12,-0.204290
1
15,0.140912
8,0.172898
6
16,0.360948
10,0.867002
17,