numInputs,2
numNodes,15
numOutputs,1
arity,2
functionSet,add,sub,mul,div,sq,sqrt,tanh,1,0,wire,sin,cos,min,max
5
1,0.714760
1,0.046152
6
1,0.185230
0,-0.435976
2
0,0.130383
3,-0.686280
1
2,-0.137455
4,-0.598089
6
5,0.298774
2,-0.888571
13
3,-0.525668
2,-0.748475
6
7,0.079638
6,-0.108664
10
8,-0.584107
8,0.210982
0
6,-0.750605
4,0.704504
1
10,-0.169486
6,0.446063
8
8,-0.767722
5,0.988903
12
11,0.759394
12,0.765491
12
3,-0.240531
13,-0.689488
2
14,0.227251
9,-0.719858
10
15,0.484936
14,0.784656
16,