numInputs,2
numNodes,17
numOutputs,1
arity,2
functionSet,add,sub,mul,div,sq,sqrt,tanh,1,0,wire,sin,cos,min,max
5
0,-0.679321
1,-0.478372
12
0,-0.693941
1,0.355388
12
3,-0.191671
2,0.575490
8
2,-0.059193
0,0.508389
11
5,-0.025956
4,0.773746
12
5,-0.923218
2,-0.424831
11
4,-0.442950
6,-0.045933
0
6,0.006878
4,0.052485
13
9,0.318221
0,-0.546157
1
7,-0.543851
8,0.478913
7
8,-0.941431
8,0.663534
9
12,-0.411595
2,-0.093399
12
11,-0.880723
5,-0.145148
2
3,-0.659360
14,-0.101233
6
10,-0.650282
13,0.724393
12
16,-0.824657
15,-0.087005
11
17,0.799809
12,-0.124193
18,