numInputs,2
numNodes,20
numOutputs,1
arity,2
functionSet,add,sub,mul,div,sq,sqrt,tanh,1,0,wire,sin,cos,min,max
3
1,0.477162
1,0.786991
0
1,0.689935
1,-0.384924
8
3,0.517225
3,0.306687
0
4,0.292299
0,-0.047663
5
0,-0.776036
3,-0.794970
8
5,-0.551184
4,0.382388
6
6,0.725788
1,-0.075471
8
1,0.319684
8,0.472983
9
0,-0.886941
3,0.601056
5
2,-0.131602
6,-0.730879
6
11,0.976663
7,0.796453
5
3,0.720335
9,-0.317017
13
8,-0.428734
9,0.595139
3
10,-0.344014
12,-0.073608
1
13,-0.550558
15,-0.191637
0
5,-0.018976
14,0.484997
0
17,-0.024924
16,0.399582
9
18,0.973835
16,-0.806913
10
19,0.182749
12,0.997263
10
20,-0.665209
17,0.092141
21,