numInputs,2
numNodes,19
numOutputs,1
arity,2
functionSet,add,sub,mul,div,sq,sqrt,tanh,1,0,wire,sin,cos,min,max
3
0,-0.918794
1,0.519140
8
2,-0.965162
1,0.475309
13
2,0.333551
0,-0.434097
11
0,-0.131782
2,0.771643
6
3,-0.545310
5,0.586332
7
5,0.567831
4,-0.714970
11
0,0.516784
4,-0.974089
0
0,-0.733746
1,-0.604532
6
4,-0.133318
8,-0.783318
3
1,0.354800
10,0.862171
1
9,0.747560
6,-0.572848
4
0,-0.219702
2,-0.374431
0
12,0.904001
13,-0.699273
4
7,-0.901026
9,0.557837
3
14,-0.842654
15,0.045252
7
14,0.787841
16,0.960409
11
16,-0.309519
0,0.327035
0
17,-0.072724
18,-0.905390
3
11,0.706358
19,0.379565
20,