numInputs,2
numNodes,21
numOutputs,1
arity,2
functionSet,add,sub,mul,div,sq,sqrt,tanh,1,0,wire,sin,cos,min,max
10
1,0.422443
0,0.796567
3
0,-0.188694
1,-0.599614
5
1,-0.138546
3,-0.628310
2
3,-0.750449
0,0.191212
6
0,-0.527308
1,0.777344
2
5,0.908686
2,-0.876202
4
1,-0.357398
7,-0.957589
2
3,-0.074565
4,0.114985
8
8,-0.977044
8,-0.173772
12
8,0.444799
5,0.194633
0
11,0.787996
11,0.238162
12
10,0.336772
7,-0.897841
7
13,0.353487
8,0.173937
0
14,-0.373178
9,-0.846126
5
15,0.119279
13,-0.842760
4
6,0.342783
9,-0.081288
6
12,-0.277634
13,-0.215477
4
17,0.830712
18,-0.345371
12
16,-0.836623
18,-0.498712
5
20,-0.793414
19,-0.491948
6
19,-0.946860
21,-0.926137
22,