numInputs,2
numNodes,16
numOutputs,1
arity,2
functionSet,add,sub,mul,div,sq,sqrt,tanh,1,0,wire,sin,cos,min,max
9
1,0.862399
1,-0.924326
2
1,0.847823
0,0.289332
4
2,0.336412
3,-0.546673
13
3,-0.692392
1,0.253419
11
4,-0.407250
1,0.049616
1
6,0.228673
1,0.291633
8
6,-0.127554
4,0.195227
10
5,0.409810
2,0.338247
13
8,-0.554014
4,-0.025334
9
10,0.363695
2,0.284846
7
5,0.071187
10,-0.042325
1
11,-0.041390
12,-0.287700
6
9,-0.903964
13,0.757201
4
7,0.338953
4,0.202302
11
15,0.344743
14,0.079239
6
16,-0.466355
14,0.722580
17,