numInputs,2
numNodes,20
numOutputs,1
arity,2
functionSet,add,sub,mul,div,sq,sqrt,tanh,1,0,wire,sin,cos,min,max
0
0,0.847812
0,-0.616325
4
0,-0.185595
2,0.097529
1
0,-0.344980
2,0.768099
0
3,0.425839
1,-0.217137
9
2,-0.003875
0,0.659725
3
5,-0.702666
6,-0.359977
7
2,-0.362130
4,0.656802
2
7,-0.262225
7,-0.877720
7
2,0.856037
4,-0.800899
2
8,0.888232
9,-0.965877
7
0,0.635242
9,-0.188152
12
4,-0.531704
9,-0.565402
3
10,0.936975
10,0.235494
1
12,-0.583887
11,-0.666411
10
15,-0.014603
0,-0.000820
11
9,0.396198
16,-0.817654
10
17,0.226708
13,-0.254459
0
13,-0.329422
16,-0.372540
13
19,0.715855
14,0.076746
1
18,-0.238367
20,0.204384
21,