numInputs,2
numNodes,15
numOutputs,1
arity,2
functionSet,add,sub,mul,div,sq,sqrt,tanh,1,0,wire,sin,cos,min,max
0
1,0.768923
0,-0.956933
5
2,0.274030
0,0.348577
8
3,0.321385
1,-0.960290
13
0,0.241366
4,0.959847
11
0,-0.900191
5,0.331807
11
6,0.056791
6,0.732555
1
4,0.224701
7,0.909602
3
8,-0.578204
3,0.977562
5
5,0.437444
8,0.282816
10
10,-0.936386
9,0.664782
9
9,-0.341737
8,0.634570
3
3,0.961108
11,-0.793734
12
12,0.986968
13,-0.592886
10
14,-0.026469
13,-0.004579
10
15,-0.711880
15,-0.568736
16,