numInputs,2
numNodes,24
numOutputs,1
arity,2
functionSet,add,sub,mul,div,sq,sqrt,tanh,1,0,wire,sin,cos,min,max
1
1,0.996553
0,0.533381
13
2,-0.163676
0,-0.096305
1
2,-0.807467
2,0.974699
8
4,0.160598
2,0.831844
3
4,-0.372477
5,0.985201
7
0,0.277841
0,0.198696
2
5,-0.889750
6,0.048458
12
5,0.131968
2,0.762624
6
0,0.825157
8,0.788776
0
9,0.944832
3,0.435154
4
10,-0.412703
7,-0.623884
2
9,-0.771052
7,-0.620460
6
4,-0.639713
1,-0.007302
2
14,-0.420914
13,0.893604
5
1,-0.215753
12,-0.651387
12
15,0.904736
15,0.717876
9
17,-0.733625
15,0.775576
8
9,0.951232
16,0.610992
0
11,0.196647
16,-0.960133
0
12,-0.365248
20,-0.291839
13
18,0.281375
19,0.162501
5
21,-0.999899
16,-0.916220
10
22,0.734085
17,-0.386744
6
23,-0.019073
24,0.633579
25,