numInputs,2
numNodes,24
numOutputs,1
arity,2
functionSet,add,sub,mul,div,sq,sqrt,tanh,1,0,wire,sin,cos,min,max
12
0,-0.986483
1,0.601230
5
0,0.172720
2,-0.727228
5
1,-0.735542
0,0.631870
5
3,0.749792
4,-0.504790
5
5,-0.622573
5,-0.510641
3
4,-0.977151
2,0.402826
4
5,-0.639630
6,-0.560801
8
3,0.303469
8,0.973206
4
9,0.160221
2,0.897080
11
8,-0.011871
10,0.572428
3
1,0.459180
5,-0.656600
13
0,0.410971
7,0.526450
8
13,0.517814
8,0.270090
13
3,0.966636
12,0.466610
1
14,-0.957684
10,-0.527224
6
16,0.717890
13,-0.113949
11
9,-0.932766
7,-0.165705
10
10,0.250566
15,0.348451
6
19,0.252094
17,-0.345982
6
20,-0.389722
11,0.968192
2
18,-0.532047
6,-0.057293
2
21,-0.494152
22,-0.305498
1
15,-0.051310
23,0.749480
10
24,0.750170
7,-0.806492
25,