numInputs,2
numNodes,22
numOutputs,1
arity,2
functionSet,add,sub,mul,div,sq,sqrt,tanh,1,0,wire,sin,cos,min,max
13
1,-0.712224
1,-0.867177
12
2,0.258558
0,0.681507
13
2,-0.200459
3,-0.858978
1
0,0.747903
1,0.784385
10
5,-0.425676
2,-0.520184
3
3,0.062116
1,0.433828
2
2,0.619797
1,-0.205420
8
6,-0.821797
7,-0.112821
13
7,0.229926
4,0.641520
12
9,-0.863405
6,-0.679368
0
3,-0.179005
6,0.508526
6
2,-0.424910
1,-0.062066
2
10,0.851041
12,-0.143352
2
14,0.896117
13,0.897569
2
11,-0.398294
0,-0.459302
10
16,-0.407590
15,-0.537468
2
15,0.230418
8,-0.113283
10
18,-0.039313
14,0.800217
8
14,-0.406706
10,0.172814
9
17,-0.187758
16,-0.693852
6
19,-0.629702
20,-0.104988
12
21,0.059575
22,0.675647
23,