numInputs,2
numNodes,16
numOutputs,1
arity,2
functionSet,add,sub,mul,div,sq,sqrt,tanh,1,0,wire,sin,cos,min,max
2
1,-0.564220
1,0.847593
13
1,0.730574
0,-0.398991
11
0,0.539168
2,-0.909709
3
2,0.057860
4,0.420426
4
2,0.963699
3,-0.526617
1
3,0.652818
2,0.784495
2
0,-0.531635
4,0.045883
0
7,0.740100
8,-0.329741
4
9,-0.396926
1,0.435951
2
9,-0.180986
6,0.576456
2
5,-0.036031
10,0.902627
8
1,0.975428
12,0.088854
7
4,0.912722
10,-0.384049
12
13,0.376950
14,0.788873
13
15,-0.943216
12,-0.018776
0
11,0.164091
16,0.358426
17,