numInputs,2
numNodes,23
numOutputs,1
arity,2
functionSet,add,sub,mul,div,sq,sqrt,tanh,1,0,wire,sin,cos,min,max
11
1,0.419552
1,0.417923
1
1,-0.280824
0,-0.806625
6
1,0.158772
3,0.950431
11
3,0.935812
1,0.125962
12
4,-0.732479
3,0.880336
11
6,0.252478
3,0.246190
10
3,-0.966570
4,0.747170
9
2,-0.650653
2,0.195394
2
1,-0.456334
9,-0.800716
2
5,0.610213
3,-0.917082
7
0,-0.548630
10,0.384857
1
11,-0.556650
10,0.803157
10
11,-0.939324
0,0.420824
5
5,0.161226
7,0.662327
10
14,-0.158308
15,-0.749097
2
7,0.388576
13,-0.000588
12
8,0.136841
15,-0.717415
1
16,-0.893246
3,-0.439946
13
17,0.084500
19,-0.392623
2
20,0.384530
18,0.543937
11
21,-0.444937
15,-0.775023
12
12,-0.044740
6,-0.398254
2
23,-0.921022
22,-0.161671
24,