numInputs,2
numNodes,21
numOutputs,1
arity,2
functionSet,add,sub,mul,div,sq,sqrt,tanh,1,0,wire,sin,cos,min,max
2
0,-0.307153
1,-0.462463
3
0,-0.854122
2,0.711308
3
2,0.325713
3,-0.571478
10
4,0.706001
2,-0.219979
1
1,0.460028
5,-0.681349
2
4,0.763732
0,0.670349
3
7,-0.595483
5,-0.682951
6
6,-0.258363
5,0.689408
7
6,-0.764836
7,-0.601662
0
9,0.649458
1,-0.537551
12
5,0.547997
6,0.470366
10
10,0.600998
2,-0.733940
7
4,0.856024
13,0.511592
1
14,-0.923555
5,-0.350420
0
11,0.528840
8,0.815295
2
10,0.180674
16,0.159357
6
13,-0.677982
12,0.925126
3
17,-0.160740
15,0.865942
0
9,-0.841387
19,-0.219713
1
18,-0.562426
20,0.732803
10
21,-0.401793
20,0.899031
22,