numInputs,2
numNodes,18
numOutputs,1
arity,2
functionSet,add,sub,mul,div,sq,sqrt,tanh,1,0,wire,sin,cos,min,max
5
0,-0.966150
1,0.206409
1
1,0.628803
1,-0.458350
10
1,-0.274556
2,-0.649904
10
2,-0.714152
4,0.233572
12
3,-0.177674
4,-0.035167
4
4,0.778539
1,0.939452
6
2,-0.903659
7,0.371525
6
8,0.319985
6,0.715684
5
5,-0.927197
1,-0.014928
0
4,-0.644898
3,-0.880343
8
2,0.929978
5,-0.256296
12
10,0.546642
5,0.749490
0
11,-0.591004
9,0.165595
9
6,0.409594
12,0.939551
0
12,0.578512
15,-0.179393
3
13,0.318108
14,-0.234729
1
17,-0.777999
16,0.240480
13
18,0.734574
17,-0.700321
19,