numInputs,2
numNodes,18
numOutputs,1
arity,2
functionSet,add,sub,mul,div,sq,sqrt,tanh,1,0,wire,sin,cos,min,max
12
1,-0.203376
0,-0.554412
9
2,0.861754
2,-0.818378
4
3,-0.078597
1,-0.799452
13
4,0.618770
0,-0.611351
0
5,-0.486045
1,0.786257
2
2,0.895919
6,0.148193
2
6,0.491796
1,0.379901
10
7,-0.746393
5,-0.310983
6
9,-0.794799
1,0.375753
9
4,0.664915
7,-0.411305
10
10,0.328288
11,-0.389572
9
2,-0.784854
12,-0.122888
11
8,-0.722879
13,-0.134015
11
2,-0.169478
12,0.137393
12
12,-0.490884
14,-0.601321
3
11,-0.769548
16,0.264154
2
15,0.671392
17,-0.284840
1
13,-0.718264
18,0.628447
19,