numInputs,2
numNodes,20
numOutputs,1
arity,2
functionSet,add,sub,mul,div,sq,sqrt,tanh,1,0,wire,sin,cos,min,max
13
1,-0.946949
1,-0.068623
0
1,-0.305964
0,0.483759
3
0,0.763079
3,-0.294810
6
0,0.218913
1,-0.718627
2
1,-0.454541
2,-0.211883
11
0,-0.980262
3,-0.904915
0
4,0.566057
1,-0.263419
11
8,-0.662103
8,-0.989572
7
8,0.891665
6,0.928448
3
7,-0.695012
10,-0.897146
11
1,-0.566425
8,0.868253
0
12,0.192969
4,0.076882
12
5,-0.900908
6,-0.964109
3
11,0.925318
14,-0.104031
10
9,0.394212
10,-0.601197
12
16,-0.312383
11,0.135661
13
17,-0.634975
15,0.858101
2
9,-0.580983
17,0.483356
6
19,0.652138
18,-0.701857
3
20,-0.621765
13,-0.614054
21,