numInputs,2
numNodes,23
numOutputs,1
arity,2
functionSet,add,sub,mul,div,sq,sqrt,tanh,1,0,wire,sin,cos,min,max
11
1,-0.870069
0,-0.791421
2
0,0.669412
2,0.979246
13
2,0.947149
0,0.531328
4
2,-0.156907
0,0.076734
0
2,0.420350
0,-0.447155
1
3,-0.899650
1,-0.944527
12
6,-0.155914
5,-0.480116
0
4,-0.495000
3,0.961441
2
9,0.706760
8,0.472862
11
10,-0.455604
5,0.981833
0
3,-0.017797
0,-0.309376
0
10,0.691151
8,-0.814407
8
5,-0.585497
13,-0.411442
2
7,0.535320
11,0.289521
2
12,-0.580395
1,-0.887149
5
13,-0.198913
16,-0.580587
12
14,0.106660
6,-0.116812
9
18,0.453890
13,-0.349653
4
19,-0.635093
5,0.335123
0
5,0.351729
15,-0.398295
0
17,-0.471266
20,-0.797665
1
21,0.157772
22,-0.445881
12
23,0.356040
16,-0.882411
24,