numInputs,2
numNodes,19
numOutputs,1
arity,2
functionSet,add,sub,mul,div,sq,sqrt,tanh,1,0,wire,sin,cos,min,max
12
0,0.121285
0,0.172214
5
1,-0.169002
1,-0.627956
7
0,0.304668
3,-0.650665
12
3,0.928558
3,0.062886
0
4,-0.849015
4,0.754700
13
5,-0.972705
6,0.418674
11
6,0.993737
2,0.280343
10
8,0.860912
7,0.213785
4
9,0.097376
2,0.383517
10
3,-0.767357
7,-0.195008
8
8,0.901981
4,-0.008217
2
8,-0.890850
2,-0.357506
3
11,-0.866284
7,0.677898
3
12,0.658917
10,-0.034455
1
15,0.211107
13,0.164311
10
16,0.250342
7,-0.053710
9
14,-0.139406
16,0.624137
3
17,-0.083302
18,0.537997
6
3,0.315060
19,-0.148896
20,