numInputs,2
numNodes,17
numOutputs,1
arity,2
functionSet,add,sub,mul,div,sq,sqrt,tanh,1,0,wire,sin,cos,min,max
2
1,-0.145353
0,-0.679952
3
2,0.800539
2,-0.483057
6
3,0.856917
3,-0.694178
2
4,-0.333391
4,-0.144705
7
2,0.733376
1,0.865424
9
1,-0.424544
0,0.295131
2
3,-0.616194
6,-0.215799
2
7,-0.290193
8,-0.713999
3
2,0.260713
2,0.720948
7
7,-0.810251
5,0.440350
6
11,-0.805292
0,0.580975
1
12,-0.492598
10,-0.259196
3
9,0.847515
5,0.363341
11
13,-0.414505
14,-0.273948
10
14,-0.306803
5,0.434998
1
16,0.018555
15,-0.004740
5
17,0.499473
17,0.720324
18,