numInputs,2
numNodes,18
numOutputs,1
arity,2
functionSet,add,sub,mul,div,sq,sqrt,tanh,1,0,wire,sin,cos,min,max
1
1,-0.246081
1,0.067341
0
0,-0.879019
0,-0.127143
9
3,-0.435873
2,-0.837245
13
0,0.034966
1,0.964977
0
2,-0.016256
3,-0.340413
0
6,-0.446676
0,0.855567
2
7,0.970110
7,0.973012
1
2,0.268480
4,-0.398341
2
4,0.237103
9,-0.169622
4
10,-0.193071
7,0.729528
4
5,-0.206431
11,0.466405
3
8,-0.196334
11,-0.990986
1
7,0.544304
12,-0.212792
11
14,0.712223
12,-0.320520
6
13,0.865382
15,-0.846731
9
16,-0.643433
16,-0.875919
9
17,-0.649547
17,-0.283700
4
18,-0.034757
17,-0.685257
19,