numInputs,2
numNodes,18
numOutputs,1
arity,2
functionSet,add,sub,mul,div,sq,sqrt,tanh,1,0,wire,sin,cos,min,max
1
0,0.906562
1,-0.796168
5
0,-0.089184
2,-0.104211
12
2,-0.741759
0,-0.455705
4
3,-0.726881
3,0.368259
5
1,-0.582199
5,-0.657800
12
1,-0.819093
6,-0.049957
10
6,-0.159618
6,-0.712640
0
5,-0.592670
0,-0.943863
5
4,-0.346399
3,-0.335303
11
7,0.420974
9,0.204649
0
9,-0.763867
8,-0.770681
9
9,0.075859
5,0.373072
2
11,0.830777
4,-0.937125
0
13,0.937029
14,-0.167458
2
10,0.173228
15,-0.205547
0
14,0.393375
12,0.284838
6
17,0.237460
16,-0.284707
4
18,-0.671967
0,-0.868981
19,