numInputs,2
numNodes,27
numOutputs,1
arity,2
functionSet,add,sub,mul,div,sq,sqrt,tanh,1,0,wire,sin,cos,min,max
13
0,-0.724690
0,0.628921
12
0,-0.370852
1,-0.079951
7
2,0.037938
2,0.751250
13
2,0.232436
0,-0.326621
5
3,0.966029
0,0.433555
0
2,-0.283944
6,-0.329915
5
5,-0.849151
3,-0.987517
11
8,0.727642
8,-0.234982
5
1,-0.260162
9,-0.902866
3
8,0.424428
9,-0.557757
11
11,0.586829
7,0.734238
0
10,0.652575
12,0.535466
13
2,-0.456785
13,0.471553
0
11,-0.918152
14,0.757963
1
7,0.885081
15,-0.654536
7
12,-0.303592
14,0.868942
8
10,-0.736690
17,-0.703836
7
16,-0.333438
16,-0.675456
3
10,-0.207744
18,-0.259080
11
16,-0.581124
11,0.228407
12
21,-0.806159
7,0.868929
10
16,-0.289305
17,0.189699
12
17,-0.487070
20,0.302438
1
24,-0.878482
19,0.165731
6
25,-0.621883
22,0.554693
0
4,-0.830072
26,0.426061
6
23,0.636030
27,0.667921
28,