numInputs,2
numNodes,21
numOutputs,1
arity,2
functionSet,add,sub,mul,div,sq,sqrt,tanh,1,0,wire,sin,cos,min,max
5
1,-0.949580
1,-0.678697
2
1,0.427834
0,-0.055354
0
2,0.309695
0,-0.678015
3
4,-0.452739
1,0.989739
9
1,0.330215
1,0.665058
2
6,-0.319589
1,-0.547374
7
3,-0.241681
5,-0.832996
11
8,0.456313
8,0.003205
11
5,-0.174217
3,-0.910918
6
3,-0.828050
7,0.768208
2
0,-0.530557
10,-0.500574
10
7,-0.542422
11,-0.758248
9
12,-0.530253
10,-0.058470
9
14,-0.352581
13,0.394950
5
13,0.515376
5,0.137105
5
9,-0.262331
11,0.011751
2
16,0.959150
15,0.783427
5
11,0.220234
18,0.374484
6
19,-0.004551
17,-0.757755
2
18,0.220033
20,0.827068
10
21,-0.683826
18,-0.838895
22,