numInputs,2
numNodes,19
numOutputs,1
arity,2
functionSet,add,sub,mul,div,sq,sqrt,tanh,1,0,wire,sin,cos,min,max
13
0,-0.197423
0,-0.562212
0
1,0.585693
0,0.794164
5
0,-0.681229
2,0.345469
8
2,0.334210
1,0.203791
2
1,-0.784582
5,0.466405
2
6,0.110748
2,-0.609923
7
5,0.906665
6,-0.308395
5
7,0.475960
7,-0.855307
7
0,-0.061918
2,0.896080
13
4,0.180526
8,-0.674924
6
10,0.212300
11,-0.390122
1
12,0.576405
4,0.762475
13
9,0.071294
3,0.447717
11
14,0.546295
13,-0.803278
3
13,0.834670
15,0.333512
10
16,-0.462095
14,-0.751179
0
12,-0.717547
12,0.743034
9
18,0.219827
13,0.266131
0
17,-0.166244
19,0.214590
20,