numInputs,2
numNodes,29
numOutputs,1
arity,2
functionSet,add,sub,mul,div,sq,sqrt,tanh,1,0,wire,sin,cos,min,max
5
0,-0.722619
0,-0.831925
2
0,0.643305
1,-0.749356
13
1,0.379564
2,-0.155181
4
4,-0.961308
1,-0.812711
6
2,0.199621
5,-0.574391
3
1,0.391098
2,-0.034784
9
4,-0.154773
2,0.794256
9
5,-0.425765
4,-0.181990
0
2,0.802943
0,-0.764758
10
8,-0.722605
7,0.954380
0
11,0.265040
10,-0.239997
6
9,0.041136
8,-0.832805
3
7,-0.086735
10,-0.506443
3
5,-0.694457
5,-0.957723
6
4,0.585244
0,0.836575
1
5,-0.316006
13,-0.434828
3
15,-0.827327
4,-0.265630
7
13,0.836737
7,-0.611923
11
16,0.499733
2,-0.971593
3
12,0.753069
14,0.589805
5
21,0.877376
5,-0.209413
11
22,-0.391619
16,-0.473174
3
17,0.609846
3,-0.070005
12
6,-0.711882
20,0.254791
6
18,0.910236
24,-0.235119
12
19,-0.542098
23,-0.814512
11
26,-0.536910
21,-0.943083
6
25,-0.841917
27,-0.755464
12
29,0.498958
28,-0.225078
30,