numInputs,2
numNodes,16
numOutputs,1
arity,2
functionSet,add,sub,mul,div,sq,sqrt,tanh,1,0,wire,sin,cos,min,max
4
1,0.273997
0,0.725378
3
0,-0.097306
1,0.079724
4
2,-0.723149
1,-0.585506
2
4,0.532547
2,0.452264
12
3,-0.892782
3,-0.759652
5
6,0.271506
6,-0.201208
3
5,-0.932387
7,-0.470973
1
8,0.239234
5,-0.514787
0
9,0.842661
8,0.999542
0
0,-0.534504
0,-0.376912
5
11,0.101921
9,-0.698378
12
10,-0.422817
12,0.234319
7
10,-0.709121
13,-0.140491
7
14,0.820256
14,-0.227247
3
15,-0.284064
14,0.965180
0
16,-0.512829
13,0.186095
17,