numInputs,2
numNodes,17
numOutputs,1
arity,2
functionSet,add,sub,mul,div,sq,sqrt,tanh,1,0,wire,sin,cos,min,max
5
0,-0.214111
0,0.692935
2
1,-0.683765
1,0.227805
10
3,-0.396822
3,-0.013892
4
4,0.181628
3,0.215651
3
2,0.275266
4,-0.714784
8
2,-0.459315
6,-0.748342
3
5,0.179865
3,0.063951
5
8,-0.267851
0,-0.137664
10
3,0.516528
4,0.974295
13
9,0.789130
6,-0.717621
6
10,0.815840
11,-0.716522
1
11,-0.789542
7,0.028686
13
5,0.634340
13,0.694329
1
12,-0.208254
14,0.355430
10
15,-0.754342
1,0.517426
11
6,-0.475859
14,0.281728
2
16,0.799853
17,-0.136232
18,