numInputs,2
numNodes,18
numOutputs,1
arity,2
functionSet,add,sub,mul,div,sq,sqrt,tanh,1,0,wire,sin,cos,min,max
0
0,0.478818
1,-0.946744
4
1,0.160585
2,0.269033
0
2,0.458621
2,0.220955
2
4,0.339259
4,0.367154
11
0,-0.637616
3,0.985600
0
1,0.143939
6,0.721756
5
5,0.537789
4,-0.347350
10
3,-0.439567
2,-0.616345
3
0,-0.170932
6,-0.256795
6
1,-0.148670
9,0.156221
3
11,0.164604
5,-0.128990
11
7,-0.816428
4,-0.015026
11
12,0.224667
11,0.475296
12
8,0.420182
10,0.609713
12
15,-0.329411
3,0.690740
2
16,-0.321518
14,0.587910
3
17,0.248779
13,-0.005003
11
18,-0.905113
17,0.685127
19,