numInputs,2
numNodes,19
numOutputs,1
arity,2
functionSet,add,sub,mul,div,sq,sqrt,tanh,1,0,wire,sin,cos,min,max
5
0,-0.591502
0,-0.263983
5
2,-0.784782
0,0.754894
8
3,0.420941
3,-0.035651
2
4,-0.576633
4,-0.819003
8
2,0.460108
2,-0.832420
11
5,-0.093183
4,0.249762
11
6,0.638805
3,-0.488728
3
1,-0.360229
2,-0.669208
3
8,-0.010899
9,0.626229
6
7,0.032748
6,0.040645
3
3,0.386173
11,0.260249
8
7,-0.363488
3,-0.381501
0
12,-0.233853
10,0.998107
13
14,0.663259
7,-0.848225
10
13,-0.562148
13,-0.102225
12
0,0.224868
15,-0.452985
1
16,-0.654974
9,0.161696
1
17,0.793919
18,0.997774
10
19,-0.427032
16,0.502618
20,