numInputs,2
numNodes,15
numOutputs,1
arity,2
functionSet,add,sub,mul,div,sq,sqrt,tanh,1,0,wire,sin,cos,min,max
9
0,0.926468
0,-0.701223
6
2,-0.112968
2,0.054340
0
1,-0.076945
0,-0.757262
4
2,-0.293515
1,-0.406518
11
4,-0.834686
0,-0.107978
13
5,-0.975528
6,0.051019
12
6,-0.876706
0,-0.420562
0
5,-0.874011
4,-0.451645
13
3,0.217382
7,0.771937
13
8,0.737794
10,0.214172
2
10,0.478832
11,-0.061958
1
12,-0.254468
9,0.834778
2
13,0.848287
11,0.137888
10
14,0.217840
13,-0.166229
9
15,0.893346
15,-0.144724
16,