numInputs,2
numNodes,17
numOutputs,1
arity,2
functionSet,add,sub,mul,div,sq,sqrt,tanh,1,0,wire,sin,cos,min,max
4
0,-0.500636
0,0.497335
2
2,-0.580212
1,0.694943
10
3,-0.468544
3,-0.444393
6
0,0.034115
1,-0.332131
2
5,-0.758597
1,-0.470514
5
2,0.893071
3,0.415614
8
3,-0.737129
3,0.688282
3
4,-0.610957
8,0.854608
6
7,-0.526381
4,-0.284979
8
1,0.310341
2,0.715884
4
10,-0.472326
11,0.153286
6
12,-0.695876
11,0.199557
1
9,-0.784098
6,0.811191
9
14,-0.120653
14,0.847019
10
6,0.316489
10,0.500378
1
13,0.382978
15,-0.293431
6
17,0.451980
16,-0.539094
18,