numInputs,2
numNodes,21
numOutputs,1
arity,2
functionSet,add,sub,mul,div,sq,sqrt,tanh,1,0,wire,sin,cos,min,max
3
0,-0.697177
1,0.556541
0
0,0.380072
0,-0.243379
5
1,-0.425377
2,0.719513
9
3,0.799678
0,0.865689
3
5,-0.331978
3,-0.117991
3
1,-0.689551
2,0.072015
1
7,-0.364864
3,-0.551689
6
4,-0.132506
6,0.861793
9
2,-0.522357
9,-0.247075
2
10,0.969125
9,-0.985867
3
8,-0.377687
4,-0.905859
4
11,0.947720
2,-0.207633
8
0,0.041275
2,0.834068
1
1,0.472866
12,-0.420084
10
15,-0.943259
9,-0.505157
11
14,0.189781
14,-0.410078
11
17,0.827957
14,-0.957693
2
2,0.856661
13,0.577230
13
18,0.836232
19,-0.836375
10
16,0.971280
20,0.333021
12
21,-0.584407
20,0.157543
22,