numInputs,2
numNodes,16
numOutputs,1
arity,2
functionSet,add,sub,mul,div,sq,sqrt,tanh,1,0,wire,sin,cos,min,max
11
1,-0.354454
1,0.400568
7
2,0.168614
1,-0.164714
10
0,-0.714303
2,0.160423
0
2,0.715084
0,0.149065
2
2,-0.850383
4,-0.848888
9
0,0.145810
4,-0.836917
9
6,-0.168422
4,-0.079242
10
5,-0.654239
2,-0.601911
4
8,0.991921
7,-0.807557
6
10,0.394626
3,-0.256853
1
7,0.126197
11,0.079607
11
1,-0.980518
11,-0.393035
4
13,0.699046
12,0.359448
11
12,0.443304
11,0.248651
6
15,-0.928624
14,0.820204
3
16,-0.396546
9,-0.165942
17,