numInputs,2
numNodes,15
numOutputs,1
arity,2
functionSet,add,sub,mul,div,sq,sqrt,tanh,1,0,wire,sin,cos,min,max
8
1,0.670712
1,-0.704839
13
1,0.391120
1,-0.645440
10
0,-0.351781
2,0.911794
5
0,-0.580857
3,0.531594
9
3,-0.730532
5,0.091130
3
1,-0.510124
4,-0.615430
11
2,-0.411302
1,0.284300
2
6,-0.177512
2,-0.406067
6
9,-0.202558
6,-0.048472
9
8,-0.483139
1,-0.424720
11
10,0.363759
5,-0.061229
0
11,0.989370
12,0.378656
3
7,-0.761047
5,-0.020059
11
14,0.358017
12,-0.081337
6
13,-0.740441
15,0.967848
16,