numInputs,2
numNodes,24
numOutputs,1
arity,2
functionSet,add,sub,mul,div,sq,sqrt,tanh,1,0,wire,sin,cos,min,max
4
1,0.066058
0,0.172830
3
0,-0.389157
2,0.336090
13
0,0.214252
3,-0.015048
10
1,0.746455
0,0.649165
7
0,-0.703570
0,0.580071
4
6,-0.412498
0,-0.299824
1
7,0.488127
5,0.136290
2
5,-0.110033
5,0.487511
1
1,-0.531525
0,-0.403244
12
3,0.683162
0,0.300356
6
9,0.768340
11,0.252681
5
10,-0.668670
9,0.823573
10
5,-0.514754
13,-0.827235
5
13,-0.733855
5,-0.645171
2
4,-0.049021
8,-0.586555
3
9,-0.102108
0,0.245749
10
14,0.073814
7,0.927696
13
18,-0.238604
17,-0.631660
7
8,0.096194
17,-0.500084
13
19,-0.814655
12,-0.163371
12
20,-0.149245
21,-0.560756
10
16,0.371249
22,-0.824819
2
15,-0.954949
22,-0.646731
12
24,-0.388716
23,-0.516899
25,