numInputs,2
numNodes,22
numOutputs,1
arity,2
functionSet,add,sub,mul,div,sq,sqrt,tanh,1,0,wire,sin,cos,min,max
0
0,-0.511131
0,-0.895568
1
2,-0.598085
2,-0.422187
7
3,0.754385
2,0.935110
10
2,0.850686
3,-0.995248
3
5,-0.079647
2,0.628057
3
2,-0.696813
1,-0.800018
6
2,-0.840013
1,0.930460
3
2,-0.258056
3,0.824068
7
2,-0.066292
5,-0.124698
0
10,-0.369756
6,0.628666
2
8,-0.581317
7,0.350551
4
11,-0.218987
6,0.725923
0
13,0.946497
4,-0.252522
6
0,-0.052088
12,-0.616784
1
9,0.648320
14,-0.616571
3
11,-0.413740
15,0.063446
9
0,-0.504355
16,-0.300128
6
7,0.468491
16,-0.666819
13
19,-0.135038
17,0.099184
4
20,-0.619236
13,-0.860294
4
18,0.302615
21,0.421394
12
21,0.630731
22,-0.894398
23,