numInputs,2
numNodes,16
numOutputs,1
arity,2
functionSet,add,sub,mul,div,sq,sqrt,tanh,1,0,wire,sin,cos,min,max
11
1,0.632492
0,0.294921
5
0,0.297697
2,0.623889
9
1,0.913023
2,0.121225
10
4,-0.630320
0,-0.161669
13
5,-0.057586
3,-0.452062
4
6,-0.418873
3,-0.778500
5
7,0.642589
7,0.202202
12
1,0.860275
8,-0.215066
10
2,0.017680
0,0.841236
1
9,-0.973283
2,0.880681
11
11,-0.400449
7,0.337517
13
12,-0.343210
10,0.878470
7
13,0.719921
13,0.426375
11
13,0.984144
13,0.669912
2
14,-0.792168
15,-0.503004
5
16,-0.807584
16,0.547335
17,