numInputs,2
numNodes,19
numOutputs,1
arity,2
functionSet,add,sub,mul,div,sq,sqrt,tanh,1,0,wire,sin,cos,min,max
3
1,0.184834
0,-0.840542
0
0,0.263374
2,-0.323899
8
3,-0.851274
3,0.895924
11
0,0.545226
3,-0.332236
2
3,0.039840
5,-0.083692
5
4,-0.852964
2,-0.393182
4
4,0.323486
7,-0.251783
4
6,-0.198449
8,-0.738644
4
5,-0.388804
8,-0.127448
5
6,-0.928311
3,0.161421
12
9,-0.376549
10,-0.344880
2
12,-0.316872
7,-0.447578
3
13,-0.524779
13,0.222568
4
11,-0.770019
11,0.183806
10
14,0.226165
15,0.462426
1
15,-0.903710
16,0.071126
0
17,-0.086565
8,0.987903
4
18,0.523827
13,0.332628
10
19,0.730623
11,-0.677214
20,