numInputs,2
numNodes,16
numOutputs,1
arity,2
functionSet,add,sub,mul,div,sq,sqrt,tanh,1,0,wire,sin,cos,min,max
1
1,0.110808
0,0.266057
11
1,-0.620604
2,-0.110537
3
1,0.843872
2,0.981324
4
0,0.953262
2,0.565572
1
5,-0.348072
2,0.081054
8
5,-0.939440
0,-0.757256
2
2,-0.295107
3,0.632661
3
0,-0.655523
4,-0.905516
12
0,0.052459
8,-0.922234
0
4,-0.878283
7,-0.327921
9
6,-0.380896
7,-0.850059
6
11,-0.835026
0,0.433145
0
12,0.987414
10,0.384238
1
14,-0.604819
13,-0.031005
3
9,0.895235
15,-0.239651
13
10,-0.990308
16,0.586615
17,