numInputs,2
numNodes,23
numOutputs,1
arity,2
functionSet,add,sub,mul,div,sq,sqrt,tanh,1,0,wire,sin,cos,min,max
11
1,-0.972487
1,-0.698848
2
2,-0.208577
2,0.953643
6
3,0.828838
2,-0.352431
1
1,0.512916
0,-0.013109
2
5,0.131854
0,-0.166715
8
6,0.849202
6,0.528458
11
5,-0.371107
6,-0.019062
7
6,0.985113
6,-0.846217
6
6,-0.578231
1,-0.559044
12
10,0.348754
2,0.137397
4
8,0.203821
1,-0.611218
13
1,0.478846
12,-0.973503
3
0,-0.513077
13,0.114536
1
8,0.380524
14,0.191789
6
4,0.285948
11,0.893479
3
16,-0.002336
4,-0.751309
4
9,-0.038429
13,-0.638540
6
4,0.492870
17,-0.591457
11
7,0.621322
19,-0.251552
10
15,0.958573
19,-0.358165
3
19,-0.940811
21,0.975984
12
18,0.201872
20,-0.297666
6
23,0.853260
22,0.181299
24,