numInputs,2
numNodes,22
numOutputs,1
arity,2
functionSet,add,sub,mul,div,sq,sqrt,tanh,1,0,wire,sin,cos,min,max
2
0,-0.729114
1,0.034041
7
0,-0.034998
2,-0.868464
3
2,-0.584260
3,-0.645484
2
1,-0.091277
4,0.201610
1
5,0.375590
4,-0.794784
1
6,0.215096
0,0.245790
2
5,0.680711
7,0.312204
4
8,-0.559006
6,0.236417
4
3,0.656348
5,-0.128556
1
0,-0.498102
10,0.068373
5
0,-0.084412
8,0.537129
7
10,-0.991457
11,0.173786
0
13,-0.200040
3,-0.897527
11
12,0.157669
4,0.750644
7
2,-0.925664
11,-0.674209
12
0,-0.011502
11,-0.219828
3
9,-0.976576
14,-0.426752
1
16,-0.014715
18,-0.037093
0
15,-0.445256
19,-0.120952
9
20,-0.613494
18,-0.125082
12
21,-0.795212
17,-0.470310
11
22,0.575701
22,-0.817507
23,