numInputs,2
numNodes,19
numOutputs,1
arity,2
functionSet,add,sub,mul,div,sq,sqrt,tanh,1,0,wire,sin,cos,min,max
4
0,0.211028
1,-0.893189
11
1,-0.053683
0,0.500893
10
1,0.467874
3,-0.816164
1
3,0.713110
4,-0.018123
6
4,-0.997100
0,0.674512
6
5,-0.050203
6,-0.369592
12
2,-0.248959
7,-0.183637
5
0,-0.920431
4,0.476043
1
1,-0.418044
9,-0.998903
3
8,0.445452
5,0.752896
13
9,0.773251
9,-0.858662
11
12,-0.338488
3,0.759377
1
10,0.655880
13,-0.976919
11
9,0.921905
12,-0.527188
2
1,-0.211995
14,-0.501350
2
16,-0.710182
1,0.697836
13
17,-0.926408
7,0.433019
2
18,-0.159265
15,-0.615787
2
19,-0.311682
11,0.420789
20,