numInputs,2
numNodes,16
numOutputs,1
arity,2
functionSet,add,sub,mul,div,sq,sqrt,tanh,1,0,wire,sin,cos,min,max
4
1,-0.914827
1,0.243336
0
2,-0.257061
0,-0.962886
4
3,0.922704
1,0.255687
3
3,0.472819
0,-0.437642
11
4,0.109535
1,0.729692
3
0,-0.040771
2,0.164286
0
3,-0.905688
7,-0.476348
9
6,0.934621
4,0.407439
7
3,0.879393
5,0.563903
1
7,-0.389613
10,-0.226485
6
4,-0.216140
8,0.694622
11
5,0.361329
11,0.979380
12
13,0.267661
11,-0.025599
0
6,-0.770741
14,-0.761280
2
12,-0.284799
15,-0.635873
13
9,-0.989791
16,0.398509
17,