numInputs,2
numNodes,15
numOutputs,1
arity,2
functionSet,add,sub,mul,div,sq,sqrt,tanh,1,0,wire,sin,cos,min,max
11
0,-0.082981
0,0.403579
9
2,0.589393
1,-0.280371
5
0,0.282617
1,-0.272775
11
3,-0.586443
3,0.615374
1
5,-0.578733
2,-0.652241
6
3,0.961805
4,-0.241245
3
2,-0.621676
6,0.107565
10
8,0.388677
6,0.906243
9
7,-0.112017
9,0.327462
1
9,-0.521877
3,-0.913099
2
10,0.433965
11,-0.606012
5
7,-0.253015
10,-0.246840
3
13,0.261759
12,-0.586470
5
5,-0.392225
12,0.819500
1
15,-0.642407
14,0.555525
16,