numInputs,2
numNodes,16
numOutputs,1
arity,2
functionSet,add,sub,mul,div,sq,sqrt,tanh,1,0,wire,sin,cos,min,max
7
0,0.183670
0,0.134526
11
1,0.142239
0,0.317185
2
3,-0.592324
0,0.582468
4
4,0.853462
4,0.627983
7
1,-0.653104
4,0.550416
0
3,0.292398
2,0.458110
9
6,0.131687
5,-0.593438
2
8,-0.801532
1,-0.934259
2
5,0.546552
7,0.406308
2
2,-0.065780
10,-0.380797
1
9,0.338354
11,-0.109865
1
12,0.171801
7,-0.476851
5
13,0.415909
12,0.258324
11
14,0.999117
3,-0.080484
4
15,0.947065
15,-0.564184
2
16,0.294840
14,-0.978118
17,