numInputs,2
numNodes,19
numOutputs,1
arity,2
functionSet,add,sub,mul,div,sq,sqrt,tanh,1,0,wire,sin,cos,min,max
8
1,0.926647
1,-0.653466
0
2,-0.885847
0,-0.451624
3
1,-0.301108
0,0.093706
3
4,-0.514079
0,-0.390516
9
2,0.849222
2,0.147560
4
5,-0.953621
5,0.599533
8
0,-0.992325
4,0.706527
1
6,-0.981743
1,-0.332921
10
3,-0.661765
0,-0.135449
10
8,0.520859
7,-0.784595
7
8,-0.859071
0,-0.385107
6
11,0.891312
10,-0.310166
3
0,0.846724
1,0.127423
1
9,0.530558
14,0.622445
12
12,0.159556
7,-0.280254
2
13,-0.641962
15,-0.679343
10
17,-0.319250
5,0.498972
10
18,-0.789145
17,0.488483
0
16,0.439758
19,-0.182719
20,