numInputs,2
numNodes,29
numOutputs,1
arity,2
functionSet,add,sub,mul,div,sq,sqrt,tanh,1,0,wire,sin,cos,min,max
12
0,0.579898
1,-0.472315
3
1,-0.356625
2,0.612656
10
3,-0.316560
0,0.698885
4
0,0.966968
1,0.627611
11
4,-0.846239
4,0.828488
1
3,0.641339
4,0.428883
7
1,0.256598
6,-0.713932
6
0,0.653431
7,-0.297538
7
2,-0.772264
8,-0.090225
11
5,-0.481783
9,-0.510886
13
1,0.375931
8,0.893094
13
11,0.865038
6,0.652364
0
9,0.693744
11,0.960463
4
10,0.190244
0,-0.046442
8
12,-0.623174
2,-0.800374
0
11,0.261303
16,0.457896
1
12,0.445835
17,0.256246
0
14,-0.459505
15,-0.343797
3
0,-0.439290
17,-0.564837
12
7,-0.928057
18,0.623666
10
13,-0.513940
4,-0.779026
9
21,-0.701592
19,-0.103380
3
20,0.600043
19,0.913425
3
24,0.290693
4,-0.001396
11
3,-0.853125
25,-0.060773
12
25,0.727472
26,0.541185
9
23,-0.326413
19,-0.710707
12
22,-0.947858
27,-0.739594
1
28,0.730707
29,0.817351
30,