numInputs,2
numNodes,23
numOutputs,1
arity,2
functionSet,add,sub,mul,div,sq,sqrt,tanh,1,0,wire,sin,cos,min,max
1
0,0.518465
1,-0.898638
9
0,0.428171
0,-0.655923
13
2,0.739963
0,-0.644939
10
2,0.640830
1,0.861797
9
5,0.557444
3,-0.453270
0
3,0.462885
6,-0.825145
13
4,0.165726
3,0.301309
0
7,-0.633537
8,0.658109
4
9,0.180695
4,-0.543809
11
1,-0.818288
2,-0.515065
2
6,-0.070140
4,-0.848954
2
2,-0.351233
12,-0.468749
6
9,0.130527
10,-0.961886
7
5,0.510059
6,0.706285
1
0,-0.797777
12,-0.501348
13
13,-0.961651
15,-0.666076
0
16,0.364772
11,-0.745048
13
12,0.790602
14,-0.971560
0
14,-0.516833
19,-0.752917
9
17,-0.613060
20,0.133546
12
18,-0.902809
20,-0.096834
0
2,0.944538
21,-0.865242
3
22,0.228455
23,-0.694651
24,