numInputs,2
numNodes,22
numOutputs,1
arity,2
functionSet,add,sub,mul,div,sq,sqrt,tanh,1,0,wire,sin,cos,min,max
3
1,-0.885598
1,0.575133
6
1,-0.214613
0,0.921166
5
2,-0.195251
1,0.954120
8
4,0.496763
1,-0.506974
1
3,0.555084
2,-0.449915
0
3,-0.924155
4,-0.541370
12
7,-0.610531
7,-0.663084
11
7,0.111305
1,0.363161
1
1,-0.023158
6,-0.065118
10
2,0.775170
8,-0.725793
7
4,-0.384091
11,-0.997460
10
8,-0.052591
8,-0.336694
11
9,-0.724972
13,0.373425
12
14,0.954606
13,0.265011
6
5,-0.091745
12,-0.361160
2
16,-0.539147
10,-0.683955
5
11,0.402881
17,-0.988032
3
15,-0.845977
5,-0.883428
3
19,-0.881744
18,-0.340798
11
17,-0.185117
17,-0.330538
0
21,0.798817
20,-0.847386
10
22,0.885221
16,-0.643479
23,