numInputs,2
numNodes,17
numOutputs,1
arity,2
functionSet,add,sub,mul,div,sq,sqrt,tanh,1,0,wire,sin,cos,min,max
0
0,-0.928010
0,-0.552500
9
1,0.175900
2,0.949544
0
0,0.253550
3,-0.635508
3
2,0.251544
0,0.662854
9
4,0.555080
5,-0.691855
11
3,0.935250
0,-0.841747
3
0,0.860033
6,0.020346
2
7,0.786502
8,-0.995032
6
2,0.501502
2,0.651126
5
8,0.286218
10,0.084808
2
9,-0.086596
5,-0.309497
2
10,0.343337
12,0.718291
1
1,-0.212171
8,0.979248
10
11,0.872972
1,-0.846033
2
14,0.688333
15,-0.203849
1
13,-0.358870
16,-0.396931
11
17,0.736975
17,-0.817100
18,