numInputs,2
numNodes,19
numOutputs,1
arity,2
functionSet,add,sub,mul,div,sq,sqrt,tanh,1,0,wire,sin,cos,min,max
11
1,-0.728137
0,-0.310162
4
0,0.284360
0,-0.347384
4
2,-0.441362
3,0.873305
0
3,0.338365
3,0.257402
1
1,-0.680548
4,0.781108
9
5,-0.580570
2,0.736087
2
5,0.485765
7,0.227833
11
1,0.261592
3,-0.328711
1
2,0.151912
1,-0.046030
2
8,-0.339484
3,-0.669468
1
6,0.811726
10,0.994161
9
11,-0.543338
12,0.954053
12
12,-0.963841
10,-0.236140
9
14,0.483905
5,-0.731116
1
13,0.747084
9,0.742421
10
9,0.960106
7,0.131084
5
17,-0.314076
12,-0.700037
13
16,-0.844183
18,0.411307
3
15,-0.315979
19,0.738235
20,