numInputs,2
numNodes,24
numOutputs,1
arity,2
functionSet,add,sub,mul,div,sq,sqrt,tanh,1,0,wire,sin,cos,min,max
4
1,-0.413683
1,-0.416936
5
2,-0.479677
2,0.145095
11
1,0.322438
1,0.300156
2
0,0.530367
3,-0.087583
10
0,0.940731
0,-0.789743
10
0,0.875489
2,0.250470
7
2,-0.042534
0,0.903196
8
7,0.283371
0,-0.081736
6
9,0.664488
4,-0.308887
2
7,-0.024245
1,-0.900910
1
7,-0.444650
10,-0.755188
3
0,-0.617458
1,0.962526
6
6,-0.750941
8,0.632948
2
12,0.729852
3,-0.506322
3
15,0.861972
1,0.457607
2
13,0.608981
11,0.711183
2
5,0.755318
15,-0.229958
5
14,0.824026
13,0.239406
11
18,-0.033817
16,0.871031
4
16,-0.005742
18,-0.125123
5
17,0.152137
17,-0.205178
2
22,-0.827619
21,0.629932
0
23,0.192908
19,-0.153033
12
24,0.228150
20,-0.667748
25,