numInputs,2
numNodes,15
numOutputs,1
arity,2
functionSet,add,sub,mul,div,sq,sqrt,tanh,1,0,wire,sin,cos,min,max
5
1,-0.042727
0,-0.802229
3
1,0.714308
0,0.901478
5
2,0.233072
2,0.874171
0
4,0.950244
3,0.141750
4
5,-0.875193
4,-0.530245
4
5,-0.035799
3,-0.881802
10
6,-0.583332
7,-0.313416
2
4,0.977387
8,0.371044
5
3,0.008126
6,0.558022
0
10,0.329275
9,0.065353
10
11,0.408817
11,-0.937467
11
4,0.168883
10,-0.904576
13
12,-0.652277
13,0.243905
4
14,0.609654
11,-0.559676
12
7,-0.898603
15,-0.993291
16,