numInputs,2
numNodes,31
numOutputs,1
arity,2
functionSet,add,sub,mul,div,sq,sqrt,tanh,1,0,wire,sin,cos,min,max
1
0,0.772387
0,0.383531
1
1,0.359241
2,-0.203916
13
2,-0.292923
3,-0.490653
7
2,0.293984
1,-0.418843
2
5,-0.120556
3,0.934534
11
1,-0.754112
6,0.101664
13
7,-0.642501
5,-0.319687
13
2,-0.134423
4,0.399483
9
2,0.406672
1,-0.259114
0
5,-0.476942
7,0.749807
10
6,-0.110722
9,-0.162922
13
7,-0.994646
9,-0.511160
1
10,0.370002
13,0.586601
1
12,0.838160
11,-0.030135
2
7,0.938330
0,0.688670
8
0,0.150532
6,-0.831462
10
15,0.032490
16,-0.284077
3
15,0.812823
17,-0.019382
2
0,-0.994330
18,-0.048069
1
19,-0.630686
12,0.441046
10
20,-0.566693
19,-0.193778
3
20,-0.244369
22,-0.787014
3
16,-0.368285
14,-0.705699
9
8,0.503850
8,-0.226415
4
21,-0.333074
19,0.820357
0
12,0.696911
26,-0.473931
12
25,0.657641
27,-0.576644
12
23,-0.027350
28,0.016497
6
29,-0.070388
24,-0.936072
9
30,-0.433254
24,0.678352
12
19,-0.826256
31,0.193726
32,