numInputs,2
numNodes,17
numOutputs,1
arity,2
functionSet,add,sub,mul,div,sq,sqrt,tanh,1,0,wire,sin,cos,min,max
5
1,0.481604
0,-0.247352
9
0,0.226775
1,0.144087
13
2,0.823635
1,0.149540
1
4,0.179149
3,0.111521
10
0,-0.795540
4,-0.253719
13
6,0.976108
0,-0.181188
7
6,-0.983284
4,-0.417476
9
6,-0.490647
4,-0.865399
8
3,-0.590781
8,-0.760794
6
5,-0.481244
10,0.877718
1
0,0.223085
11,-0.156575
1
7,-0.994022
4,-0.223561
1
9,0.783798
13,0.133920
12
8,0.630040
12,0.049591
1
9,-0.729008
15,-0.418161
3
14,-0.367730
16,-0.728022
11
17,-0.005084
15,-0.260411
18,