numInputs,2
numNodes,16
numOutputs,1
arity,2
functionSet,add,sub,mul,div,sq,sqrt,tanh,1,0,wire,sin,cos,min,max
1
1,-0.206996
0,-0.701716
11
2,0.525429
0,0.457661
6
0,0.386160
2,-0.342071
12
1,-0.174357
4,0.682691
4
5,0.855704
0,0.877373
7
2,0.775530
6,0.406053
10
6,0.538660
6,-0.355723
1
8,-0.777384
3,-0.758856
10
6,-0.930348
6,0.704889
9
9,0.645764
3,0.687261
12
4,-0.913929
7,-0.564968
4
12,0.019830
2,-0.773291
1
13,-0.173106
10,0.403130
3
14,0.516061
11,-0.919101
6
6,-0.743200
15,0.299608
11
16,0.799244
16,0.252711
17,