numInputs,2
numNodes,25
numOutputs,1
arity,2
functionSet,add,sub,mul,div,sq,sqrt,tanh,1,0,wire,sin,cos,min,max
13
1,-0.024136
1,-0.931388
3
0,-0.348505
2,-0.286739
12
3,0.205396
2,-0.063268
5
3,0.777936
0,0.917080
0
3,-0.516515
2,0.315696
13
4,-0.778205
6,-0.581771
9
7,-0.107864
3,0.201555
6
5,0.752502
1,-0.055470
3
5,-0.406609
9,0.190447
2
10,0.104777
10,0.245270
13
7,-0.308015
8,0.929320
4
12,-0.034184
8,0.898109
1
10,0.473147
7,-0.129038
13
14,0.745199
7,0.201455
8
8,0.579352
6,-0.202594
6
14,-0.596206
6,-0.390129
3
13,-0.833510
16,-0.108818
12
18,0.965974
16,0.506130
10
15,0.275989
19,0.320751
7
19,-0.066023
19,-0.195015
0
19,0.552859
11,0.299000
9
20,-0.437669
19,-0.077269
13
22,0.367120
21,-0.213606
12
24,-0.139669
23,0.789347
13
17,-0.638070
25,0.139411
26,