numInputs,2
numNodes,15
numOutputs,1
arity,2
functionSet,add,sub,mul,div,sq,sqrt,tanh,1,0,wire,sin,cos,min,max
3
0,-0.083416
1,-0.282933
4
1,-0.713013
1,-0.736255
13
0,0.417769
2,0.890821
12
3,-0.244339
4,-0.351007
12
0,-0.140151
0,0.970740
3
6,-0.151290
5,0.355457
4
6,-0.317723
5,0.525583
9
7,-0.371932
8,0.679199
11
6,-0.304937
8,-0.601633
13
8,-0.507457
9,-0.361031
1
7,-0.374274
1,0.194692
0
10,-0.662119
11,-0.268283
11
13,0.239229
1,-0.085959
2
14,-0.792743
12,-0.737837
11
15,0.627657
15,0.343392
16,