numInputs,2
numNodes,15
numOutputs,1
arity,2
functionSet,add,sub,mul,div,sq,sqrt,tanh,1,0,wire,sin,cos,min,max
12
0,0.943077
1,0.729665
1
2,0.167874
0,0.477168
0
2,0.889443
1,-0.478374
5
0,-0.492471
0,-0.568744
10
1,-0.573243
0,-0.868833
2
4,-0.165605
4,0.143383
6
5,-0.423174
4,0.695072
1
6,0.238308
8,-0.966043
2
9,0.358293
3,-0.068500
11
10,-0.560122
10,-0.154839
10
7,0.072561
8,-0.675736
13
11,0.089565
12,0.041852
2
13,0.327774
10,0.649705
4
14,0.283261
13,0.557991
10
15,0.030140
11,0.040571
16,