numInputs,2
numNodes,15
numOutputs,1
arity,2
functionSet,add,sub,mul,div,sq,sqrt,tanh,1,0,wire,sin,cos,min,max
2
1,0.476256
0,0.264693
3
2,-0.616672
0,-0.878399
9
0,0.830271
1,0.990030
4
4,-0.552983
1,-0.145853
0
0,-0.841401
2,-0.267122
10
5,-0.066825
1,0.724897
1
0,0.847965
3,0.561684
10
6,-0.154507
7,-0.342325
1
8,0.796411
4,-0.329119
2
7,0.675230
10,-0.167185
13
6,-0.990553
11,0.369210
3
9,0.304478
7,-0.343560
4
13,-0.446347
12,-0.958856
11
12,-0.576472
10,0.636614
2
14,-0.124695
15,-0.963262
16,