numInputs,2
numNodes,31
numOutputs,1
arity,2
functionSet,add,sub,mul,div,sq,sqrt,tanh,1,0,wire,sin,cos,min,max
6
1,0.048641
0,0.547579
6
2,0.999820
1,0.986816
10
2,-0.206447
3,0.223339
13
1,0.400885
3,0.929049
8
3,0.786871
0,-0.719017
12
4,0.661718
5,0.762917
0
7,-0.077957
1,-0.149890
9
2,0.286308
4,0.748715
0
0,-0.515084
8,-0.715932
8
8,-0.416558
0,-0.205932
11
10,0.507612
2,-0.814195
13
6,-0.068374
3,-0.898319
6
12,0.167278
13,-0.924998
12
4,-0.904539
7,-0.699946
6
2,-0.594606
14,-0.741888
3
16,-0.871757
12,-0.077553
11
3,0.633776
2,-0.961053
13
3,-0.799855
3,-0.516582
7
0,0.197097
19,-0.516707
7
15,0.590194
12,-0.461671
5
18,0.720054
18,-0.954249
0
22,-0.331697
15,0.347283
10
20,0.782634
9,0.404800
3
18,-0.292498
23,-0.297413
0
25,0.882638
10,-0.822738
1
19,-0.300152
26,-0.910012
1
21,0.567303
24,0.708994
1
9,0.797467
17,-0.193530
13
28,0.380397
27,0.695516
1
29,0.555460
30,-0.003261
12
31,-0.044811
11,0.614243
32,