numInputs,2
numNodes,22
numOutputs,1
arity,2
functionSet,add,sub,mul,div,sq,sqrt,tanh,1,0,wire,sin,cos,min,max
12
0,0.421685
1,0.075886
4
2,0.175926
1,0.470854
12
2,0.469592
3,-0.000010
2
3,-0.795562
4,-0.754675
9
5,0.334593
4,-0.855444
5
6,-0.828169
4,0.831565
0
4,0.750382
0,-0.747169
10
2,0.724983
4,-0.268184
6
8,0.287286
8,-0.004086
2
7,0.146240
10,0.842848
10
9,-0.416161
1,-0.063592
9
6,0.749507
6,0.116832
3
6,-0.795339
12,-0.052454
5
14,-0.056154
8,-0.880573
0
14,0.102176
13,-0.206909
12
11,-0.595855
15,0.596118
1
9,-0.867087
17,0.112832
0
16,-0.311256
3,0.743771
1
18,-0.767745
4,0.224735
4
20,-0.604147
12,-0.837472
0
21,-0.693024
19,-0.213125
9
22,-0.493397
20,0.108853
23,