numInputs,2
numNodes,19
numOutputs,1
arity,2
functionSet,add,sub,mul,div,sq,sqrt,tanh,1,0,wire,sin,cos,min,max
5
1,0.798308
0,-0.056547
9
2,0.315583
2,-0.116472
6
3,-0.321491
0,0.072757
13
3,-0.498710
0,-0.289395
12
0,0.950873
2,-0.819873
7
3,-0.603155
0,-0.870656
3
3,-0.145462
4,-0.203959
11
0,-0.434395
0,-0.899823
1
3,0.403684
8,0.474370
2
3,0.887371
5,-0.052174
2
1,-0.205362
7,0.928528
10
10,0.386230
10,0.180365
10
12,-0.405889
13,0.662748
13
14,-0.342971
11,-0.404400
0
15,0.420324
9,-0.280724
12
13,0.947239
16,0.991291
2
6,-0.768696
17,-0.064198
9
18,0.439502
16,0.576011
10
19,0.794575
19,-0.249756
20,