numInputs,2
numNodes,15
numOutputs,1
arity,2
functionSet,add,sub,mul,div,sq,sqrt,tanh,1,0,wire,sin,cos,min,max
2
1,0.919773
0,-0.184528
8
2,-0.990535
2,-0.969296
10
1,-0.968576
0,-0.875810
8
3,0.220384
3,0.962184
3
2,0.370401
5,-0.017574
11
2,0.245135
4,0.664333
10
2,0.811163
5,-0.271287
5
7,0.486923
0,0.812705
3
6,0.133385
8,0.060755
2
10,-0.653611
9,-0.048354
0
3,-0.894395
4,0.234227
3
8,-0.620881
12,-0.584731
6
13,-0.541757
11,-0.266176
13
14,-0.747337
12,-0.208925
11
15,-0.656500
15,-0.646359
16,