numInputs,2
numNodes,15
numOutputs,1
arity,2
functionSet,add,sub,mul,div,sq,sqrt,tanh,1,0,wire,sin,cos,min,max
9
0,-0.526983
1,0.539820
2
2,-0.013193
1,0.032774
6
1,0.901439
3,-0.961825
0
4,-0.615844
2,0.228765
12
1,0.173751
0,-0.134653
10
6,-0.298215
6,0.162348
6
5,0.188555
7,0.705247
4
6,0.055844
5,-0.146520
0
8,0.442833
8,0.404140
12
9,-0.388790
10,-0.547179
4
10,-0.070383
6,0.724907
4
12,-0.230039
11,-0.550503
2
11,0.233116
13,-0.326373
4
14,0.639932
14,-0.348318
6
3,-0.310491
15,0.490804
16,