numInputs,2
numNodes,28
numOutputs,1
arity,2
functionSet,add,sub,mul,div,sq,sqrt,tanh,1,0,wire,sin,cos,min,max
2
0,-0.060891
0,0.647614
6
1,-0.047076
0,0.166244
2
0,-0.269873
3,-0.135679
12
2,-0.400358
0,0.353923
5
2,0.394988
3,0.944220
6
1,0.624821
6,-0.010861
6
6,-0.292938
2,-0.629695
11
7,-0.095897
4,0.194759
9
6,0.196583
0,0.497948
8
9,-0.429322
7,-0.710161
7
7,-0.051373
9,0.720091
12
5,-0.444360
3,-0.313680
6
11,-0.032748
6,-0.859952
4
4,-0.646686
14,0.635308
0
2,0.884652
12,0.583164
0
14,-0.082330
9,0.161877
2
10,0.792451
1,0.007177
4
16,0.950883
9,-0.211115
6
19,-0.116626
18,0.798806
6
8,0.933213
1,-0.300806
0
15,-0.025376
17,0.295698
13
13,-0.707616
3,-0.901951
2
21,-0.401472
23,-0.892294
8
23,0.334923
23,-0.300931
11
24,-0.134369
19,-0.822366
0
20,0.362328
25,0.408776
6
27,0.729930
22,0.132746
2
28,0.340410
26,0.365043
29,