numInputs,2
numNodes,17
numOutputs,1
arity,2
functionSet,add,sub,mul,div,sq,sqrt,tanh,1,0,wire,sin,cos,min,max
11
1,0.485514
1,-0.573189
5
1,-0.828063
2,0.496341
0
3,-0.108602
3,0.067718
11
2,-0.453341
3,-0.882829
11
3,-0.394507
0,-0.138580
6
5,-0.711362
4,0.718301
13
0,0.091049
7,0.274659
3
5,-0.711079
2,-0.186905
4
4,-0.984929
5,0.673505
12
10,-0.253147
6,0.286566
1
5,-0.136620
7,0.446011
13
12,-0.872016
4,-0.931510
5
11,-0.264436
13,-0.514714
13
8,-0.503026
9,0.765130
2
14,-0.688893
13,-0.957349
3
15,-0.304525
16,0.213596
10
17,0.450516
16,-0.472279
18,