numInputs,2
numNodes,22
numOutputs,1
arity,2
functionSet,add,sub,mul,div,sq,sqrt,tanh,1,0,wire,sin,cos,min,max
10
0,-0.772849
1,-0.648849
5
0,0.197352
2,0.995341
4
3,-0.179479
0,0.031526
9
2,-0.667297
2,-0.284105
8
1,0.482424
4,-0.596971
7
3,-0.289025
2,0.326836
11
5,-0.970610
5,0.237228
12
8,0.468111
7,-0.969475
3
3,-0.164284
8,0.978988
0
4,-0.671135
10,0.481855
13
1,-0.604368
9,0.798425
10
11,0.323729
9,-0.771728
2
12,-0.461022
6,-0.155408
7
14,-0.465856
12,-0.918225
7
7,-0.632754
14,0.468259
10
7,-0.840076
13,-0.415545
12
17,-0.041261
13,0.406235
3
8,0.353153
15,-0.536116
6
16,-0.507619
14,-0.171655
9
19,0.544167
5,0.103960
1
20,0.850638
18,-0.205181
6
21,0.910563
22,-0.890966
23,