numInputs,2
numNodes,17
numOutputs,1
arity,2
functionSet,add,sub,mul,div,sq,sqrt,tanh,1,0,wire,sin,cos,min,max
10
0,0.146925
0,-0.934955
1
1,0.172961
2,-0.684083
6
2,0.371662
3,0.621088
1
2,-0.294669
0,-0.550604
2
5,0.129438
3,-0.256195
4
0,-0.804958
1,0.294003
10
1,-0.462944
6,-0.018909
10
4,-0.736420
3,0.777435
1
0,0.121166
8,-0.009960
4
5,-0.634605
8,0.653391
1
7,-0.895033
11,0.754726
12
6,0.921843
12,-0.094536
9
9,-0.256864
13,0.885583
13
14,-0.874150
10,0.003207
6
15,0.138016
13,0.987068
11
13,0.873484
16,-0.435909
1
17,0.293973
16,0.218173
18,