numInputs,2
numNodes,15
numOutputs,1
arity,2
functionSet,add,sub,mul,div,sq,sqrt,tanh,1,0,wire,sin,cos,min,max
3
1,0.491970
0,-0.447281
1
2,0.206475
1,-0.214793
5
1,0.437698
0,0.856793
12
3,0.522120
4,-0.833085
6
5,0.854526
1,0.555215
4
2,0.362825
5,0.358683
3
1,-0.679389
5,-0.946782
0
6,0.377028
7,-0.807671
10
8,0.148589
9,-0.841982
13
10,0.404446
8,-0.501835
12
11,-0.823003
8,0.858400
6
9,-0.386472
12,-0.120712
0
13,-0.151438
3,0.663538
4
14,0.405468
14,-0.700004
11
15,-0.123366
14,0.870615
16,