numInputs,2
numNodes,18
numOutputs,1
arity,2
functionSet,add,sub,mul,div,sq,sqrt,tanh,1,0,wire,sin,cos,min,max
12
0,0.117930
1,0.647993
11
1,0.203474
0,0.286834
5
2,-0.228084
2,-0.705391
7
1,-0.109906
2,-0.487201
11
4,-0.322054
5,-0.686575
10
4,0.853787
3,0.143529
5
3,0.888507
5,-0.790685
11
5,0.266386
6,0.440049
10
7,0.521928
9,-0.961624
0
9,0.694320
8,0.494297
13
2,0.675260
2,-0.118417
0
11,-0.735995
6,0.280421
10
3,0.865964
5,0.228905
2
10,-0.840438
13,-0.907407
12
14,-0.601832
12,-0.397549
13
16,-0.272891
15,-0.315955
6
17,-0.795533
11,0.204507
11
18,0.396079
17,-0.580419
19,