numInputs,2
numNodes,22
numOutputs,1
arity,2
functionSet,add,sub,mul,div,sq,sqrt,tanh,1,0,wire,sin,cos,min,max
0
0,-0.987100
1,0.807354
10
2,-0.998491
2,0.867654
4
2,0.112714
1,-0.969916
5
4,0.753206
1,0.053032
13
3,-0.651175
1,0.766648
6
1,-0.941432
6,0.797368
10
3,0.606401
5,-0.224948
7
3,-0.919979
5,-0.204066
6
9,-0.012238
7,0.229327
10
5,-0.162600
5,-0.793310
2
10,-0.793987
11,-0.014548
2
4,0.216970
8,0.667636
0
12,-0.182758
13,-0.002213
10
7,-0.527107
3,0.888230
10
15,0.073430
15,-0.180973
10
16,-0.018384
12,0.161814
10
14,0.811978
5,-0.882406
3
18,0.330068
17,0.736863
8
0,-0.661214
16,0.059521
6
20,0.129831
19,-0.165492
4
7,-0.341861
5,0.898150
3
22,-0.021508
21,-0.608017
23,