numInputs,2
numNodes,16
numOutputs,1
arity,2
functionSet,add,sub,mul,div,sq,sqrt,tanh,1,0,wire,sin,cos,min,max
4
0,-0.188356
0,0.022146
1
1,0.382075
0,0.545148
0
2,-0.228211
1,-0.091712
9
1,0.790210
1,-0.119362
9
1,-0.380031
5,-0.272917
8
3,-0.454513
6,0.621369
2
3,0.607097
1,-0.201940
13
4,-0.286879
6,0.437823
9
7,-0.923467
6,-0.240996
6
8,-0.052985
10,0.509551
11
4,-0.798526
8,-0.792886
6
11,0.013538
5,-0.854626
1
6,0.194042
9,0.233688
6
12,0.972507
13,-0.379967
2
14,0.137231
15,-0.060552
10
16,0.397347
15,-0.350997
17,