numInputs,2
numNodes,15
numOutputs,1
arity,2
functionSet,add,sub,mul,div,sq,sqrt,tanh,1,0,wire,sin,cos,min,max
5
0,0.082402
1,0.401482
10
1,-0.938543
1,-0.179307
11
2,0.368546
1,0.563783
1
2,-0.583597
1,-0.325114
7
3,0.536180
4,0.709905
6
3,-0.752768
6,-0.074092
5
7,-0.528644
0,0.717970
10
5,0.684974
8,0.718161
5
8,-0.613560
7,-0.584764
3
6,-0.284188
9,0.291896
12
10,-0.005861
11,0.860709
2
4,-0.586408
0,0.394695
13
12,-0.050850
13,0.573108
5
14,0.371180
12,-0.803204
10
15,-0.011851
12,0.074233
16,