numInputs,2
numNodes,26
numOutputs,1
arity,2
functionSet,add,sub,mul,div,sq,sqrt,tanh,1,0,wire,sin,cos,min,max
12
0,0.796067
1,-0.172008
12
1,-0.787049
1,-0.703148
2
3,-0.010916
1,0.231223
1
0,0.201461
3,0.674823
13
4,0.891792
1,0.705489
9
5,0.122770
6,0.228562
4
2,-0.166097
5,-0.262241
5
2,0.663176
0,-0.870215
0
6,-0.871990
3,0.577847
11
8,0.700938
8,0.329143
11
10,0.428708
11,0.995639
0
8,0.296116
5,0.969018
3
13,-0.772088
12,-0.168621
5
7,0.163964
14,0.985801
0
14,-0.205147
12,-0.962570
9
16,0.171924
2,-0.205973
3
8,0.671724
17,-0.056144
11
14,-0.184773
14,-0.680322
3
19,0.433444
9,0.243418
0
11,-0.125296
18,0.815486
2
20,0.644195
7,-0.037893
12
15,-0.552331
4,0.788809
0
23,0.178155
21,-0.917756
9
22,0.237634
24,-0.259960
3
25,0.464297
24,0.949215
6
26,0.960346
17,-0.599461
27,