numInputs,2
numNodes,22
numOutputs,1
arity,2
functionSet,add,sub,mul,div,sq,sqrt,tanh,1,0,wire,sin,cos,min,max
11
0,-0.874264
1,-0.827636
1
1,-0.873828
0,-0.370970
11
2,0.669461
0,-0.193805
1
3,0.943592
2,-0.178279
1
0,-0.558863
5,0.574347
1
4,0.271585
5,0.233307
8
0,0.583878
2,-0.463721
9
2,0.228493
5,-0.630531
0
4,0.310836
0,-0.178019
11
6,0.298178
9,-0.347354
1
3,-0.580013
10,0.797665
12
3,-0.223672
8,-0.075401
10
12,0.892618
2,0.071157
6
7,0.159696
4,0.547953
6
14,-0.413163
11,0.938939
4
9,-0.592437
3,0.963815
3
13,0.684361
7,-0.353339
0
18,0.228441
9,-0.040973
3
15,0.750014
12,-0.834830
1
20,0.308785
17,-0.376931
3
19,0.263580
16,-0.227188
13
21,0.644828
22,0.418341
23,