numInputs,2
numNodes,21
numOutputs,1
arity,2
functionSet,add,sub,mul,div,sq,sqrt,tanh,1,0,wire,sin,cos,min,max
0
1,0.560049
0,0.689158
4
1,0.612518
1,-0.124474
11
3,-0.847317
0,-0.411574
2
4,0.787387
2,0.185129
0
3,0.062487
0,0.084211
5
0,0.834543
6,0.817599
0
7,0.514056
4,0.020753
4
8,-0.965444
2,0.887524
10
6,-0.521271
5,-0.815326
9
5,-0.272936
1,-0.486397
4
9,-0.506940
11,-0.423139
11
10,-0.745900
4,0.810836
11
12,-0.798753
9,0.206529
7
14,-0.556394
13,-0.697549
10
0,-0.620306
14,0.791467
13
13,-0.107654
11,0.855039
10
17,-0.252340
13,-0.419346
13
18,-0.008248
15,0.540729
10
16,0.386157
19,-0.697363
13
14,-0.666628
20,-0.346019
1
21,-0.965700
19,-0.012154
22,