numInputs,2
numNodes,16
numOutputs,1
arity,2
functionSet,add,sub,mul,div,sq,sqrt,tanh,1,0,wire,sin,cos,min,max
5
1,0.567943
1,-0.339839
10
1,-0.755545
2,0.990379
11
2,0.217016
1,0.965263
4
0,0.063430
4,-0.489939
3
0,-0.739267
4,0.933159
3
3,-0.257900
6,0.238548
9
2,-0.075628
0,-0.184682
1
0,-0.728292
8,0.135079
1
4,-0.357580
9,-0.456096
4
10,0.232425
7,-0.432310
12
3,0.260218
11,0.495182
7
12,0.618187
11,-0.074696
13
13,0.772539
5,-0.833986
6
7,-0.899557
14,-0.959732
5
12,0.186696
15,0.316239
6
15,0.900706
16,-0.313401
17,