numInputs,2
numNodes,20
numOutputs,1
arity,2
functionSet,add,sub,mul,div,sq,sqrt,tanh,1,0,wire,sin,cos,min,max
3
1,0.886207
0,0.768620
6
1,-0.613191
2,0.963491
5
3,-0.277769
1,-0.573586
4
0,0.784114
3,-0.842337
5
1,0.858721
3,-0.514764
1
6,0.323389
4,0.414775
0
5,-0.106187
7,-0.447160
9
4,-0.797474
8,-0.330685
10
8,0.051014
5,-0.049076
5
3,-0.947215
6,0.687074
8
9,-0.505858
4,-0.839315
2
6,-0.053631
11,-0.127938
11
8,-0.208842
9,0.189304
1
12,-0.820434
10,-0.992681
3
5,0.888000
13,0.395197
3
15,-0.887236
6,-0.466838
3
9,0.598632
16,0.015794
0
14,0.458331
18,0.118489
6
17,-0.014904
19,0.840558
9
20,-0.853859
17,-0.975876
21,