numInputs,2
numNodes,19
numOutputs,1
arity,2
functionSet,add,sub,mul,div,sq,sqrt,tanh,1,0,wire,sin,cos,min,max
6
0,-0.137156
1,0.108825
12
0,-0.107158
1,0.531542
2
2,-0.459789
0,-0.490253
4
3,-0.969719
1,-0.756912
10
0,0.586341
5,-0.572131
2
6,0.998657
5,0.145939
6
5,-0.579391
3,0.357763
10
5,-0.977705
3,0.135333
6
4,0.626381
5,0.519681
11
10,-0.823237
10,-0.765867
3
8,-0.669590
11,-0.324973
6
12,0.925904
0,0.355153
11
13,0.645235
10,0.418791
2
9,-0.855627
14,0.298452
1
7,0.919312
4,0.601738
11
16,0.592565
15,-0.338824
13
17,0.174670
15,-0.002677
4
18,0.016793
18,-0.598071
11
19,-0.491143
18,-0.006141
20,