numInputs,2
numNodes,21
numOutputs,1
arity,2
functionSet,add,sub,mul,div,sq,sqrt,tanh,1,0,wire,sin,cos,min,max
2
1,0.685785
1,0.759764
11
1,-0.357412
2,0.565223
7
0,0.130721
2,-0.259540
11
4,0.408160
2,0.873960
3
0,0.997124
3,-0.000895
9
2,0.123163
5,0.877761
4
1,-0.641014
5,0.394712
12
2,0.577652
2,0.386460
9
6,0.567295
6,-0.515152
8
8,0.892552
8,-0.544836
3
7,0.788833
11,-0.651177
1
12,0.992332
5,0.815335
5
10,0.383603
13,-0.165364
10
14,-0.347873
12,0.123636
6
5,0.574644
13,-0.413411
10
15,-0.488433
4,0.416457
10
16,0.826810
17,0.509852
11
8,-0.777149
17,0.950556
3
19,-0.624464
18,0.419183
12
9,0.840135
17,-0.822137
2
20,0.147178
21,-0.418851
22,