numInputs,2
numNodes,18
numOutputs,1
arity,2
functionSet,add,sub,mul,div,sq,sqrt,tanh,1,0,wire,sin,cos,min,max
4
0,0.209148
1,-0.073911
13
0,0.172232
0,-0.167926
5
3,0.824728
3,-0.729234
7
4,-0.361874
3,0.504711
10
0,0.969854
4,-0.382483
1
4,0.063400
1,0.946097
5
3,-0.121695
3,0.849108
4
7,-0.493763
0,0.304951
12
2,0.978021
8,-0.339933
3
10,-0.740640
7,0.772349
2
11,-0.575525
9,-0.079655
2
12,0.427367
6,0.533130
0
5,-0.848447
13,0.802453
4
14,-0.430422
14,0.159381
5
15,-0.049989
14,-0.887688
5
16,-0.654251
13,-0.455047
10
17,0.347366
16,0.937587
9
18,0.547532
16,-0.163884
19,