numInputs,2
numNodes,27
numOutputs,1
arity,2
functionSet,add,sub,mul,div,sq,sqrt,tanh,1,0,wire,sin,cos,min,max
12
0,-0.949542
1,-0.656252
6
1,0.525311
0,0.344268
12
0,0.570534
3,0.508395
9
1,-0.079609
2,-0.838069
3
4,0.438393
2,-0.712621
4
6,-0.905907
1,-0.702399
11
4,-0.989767
4,-0.328409
13
4,0.279333
5,0.705588
3
3,0.442328
2,0.690186
8
8,-0.062636
2,0.326377
3
4,-0.239242
9,-0.376974
5
8,-0.519284
9,0.586887
4
3,-0.876732
12,0.573857
1
11,-0.041441
13,0.782804
0
6,0.831863
11,0.608248
10
4,-0.100594
16,-0.149892
12
0,0.120665
16,-0.459028
6
10,0.165943
14,-0.982745
6
14,0.874153
15,0.312595
0
17,-0.908844
12,-0.788143
10
18,0.474162
16,-0.678976
3
21,-0.644577
22,0.183977
13
20,-0.655276
4,-0.286299
0
19,-0.474855
24,0.297464
10
23,0.513516
25,0.239850
6
25,-0.173118
26,-0.755545
12
7,-0.160665
27,0.915223
28,