numInputs,2
numNodes,18
numOutputs,1
arity,2
functionSet,add,sub,mul,div,sq,sqrt,tanh,1,0,wire,sin,cos,min,max
10
1,-0.527189
1,-0.753161
12
1,-0.325572
2,0.817484
7
1,-0.905503
3,0.299960
2
4,-0.087514
3,-0.474246
3
1,-0.070827
0,-0.539192
11
6,-0.615362
3,-0.252503
11
7,0.638961
7,0.468591
2
8,-0.632587
0,0.827400
1
1,0.422244
9,0.450784
1
5,-0.507522
10,-0.190355
10
11,0.811844
10,-0.853343
8
8,0.430670
11,0.858862
4
13,0.926208
11,0.190648
10
12,-0.281246
13,-0.746813
8
13,0.573410
15,0.104001
2
16,0.460907
14,-0.477116
12
15,0.373631
17,-0.868198
10
18,-0.452978
17,0.613434
19,