numInputs,2
numNodes,24
numOutputs,1
arity,2
functionSet,add,sub,mul,div,sq,sqrt,tanh,1,0,wire,sin,cos,min,max
1
0,0.790881
1,-0.772537
3
0,0.764703
2,-0.027211
4
0,-0.125570
3,0.245910
11
3,0.724068
4,0.631042
11
4,0.422160
5,0.160943
4
2,-0.455761
3,-0.269327
7
5,0.861363
0,0.963393
4
8,0.516497
6,-0.178664
1
4,0.142457
1,-0.497388
1
7,-0.864349
6,0.256783
11
10,0.290660
5,-0.428450
2
9,-0.087546
11,-0.866394
2
13,-0.713641
8,0.291920
6
0,-0.013849
12,0.559270
10
5,0.800808
13,-0.909339
0
4,-0.701362
16,-0.793841
0
14,0.716132
10,0.311559
0
1,0.971005
17,-0.314598
1
19,0.559176
15,-0.729019
4
3,-0.936348
20,-0.210688
11
21,-0.997140
19,-0.609575
0
20,-0.682973
22,0.023491
13
18,0.296512
23,0.631340
11
24,0.235423
19,-0.776134
25,