numInputs,2
numNodes,15
numOutputs,1
arity,2
functionSet,add,sub,mul,div,sq,sqrt,tanh,1,0,wire,sin,cos,min,max
5
1,-0.037002
1,-0.625922
6
2,-0.985523
0,0.393835
1
3,0.101916
2,-0.088312
4
0,0.376714
0,-0.083414
0
5,0.805596
4,-0.386689
9
6,0.881070
0,0.716641
11
7,-0.179932
4,0.877314
0
8,-0.213446
7,0.556305
10
9,0.292279
7,-0.926195
5
1,0.961710
7,-0.184387
5
11,0.026359
7,0.690388
3
12,-0.816733
8,-0.226926
6
10,-0.846933
13,0.050878
10
8,-0.204172
11,-0.738336
12
14,0.643054
15,-0.589929
16,