numInputs,2
numNodes,15
numOutputs,1
arity,2
functionSet,add,sub,mul,div,sq,sqrt,tanh,1,0,wire,sin,cos,min,max
1
1,0.808071
0,-0.670519
12
0,0.983476
0,-0.265235
6
0,-0.563874
3,0.433277
6
1,-0.380129
2,0.074593
2
5,-0.383114
4,-0.577194
5
0,0.263453
6,0.561076
3
2,0.649186
6,-0.047946
3
8,-0.377244
5,-0.175787
8
9,-0.141115
9,-0.967169
11
7,-0.144706
7,-0.955022
12
0,0.064071
11,-0.143647
12
9,-0.073317
10,0.574150
2
12,0.860388
13,-0.912176
9
14,-0.540095
14,-0.913027
10
15,0.509223
14,0.978476
16,