numInputs,2
numNodes,15
numOutputs,1
arity,2
functionSet,add,sub,mul,div,sq,sqrt,tanh,1,0,wire,sin,cos,min,max
12
0,0.700696
0,0.386637
0
1,0.413997
2,-0.402556
2
2,-0.829236
0,0.993419
10
1,0.459445
3,0.891853
7
1,-0.721669
2,0.527580
10
4,0.814697
6,0.538093
1
6,0.046921
5,-0.462951
2
8,0.422092
2,0.892388
2
7,0.649248
9,-0.533060
13
4,0.512069
3,-0.893150
12
2,0.884671
10,-0.489309
0
12,-0.243145
11,0.142247
1
13,0.784350
7,-0.099206
10
14,-0.798802
6,0.615232
11
15,-0.189774
15,-0.262158
16,