numInputs,2
numNodes,23
numOutputs,1
arity,2
functionSet,add,sub,mul,div,sq,sqrt,tanh,1,0,wire,sin,cos,min,max
0
1,-0.687452
0,-0.777931
9
1,0.795091
2,-0.999870
2
3,-0.229529
3,-0.008902
4
4,-0.688896
1,-0.930874
10
4,0.361214
4,0.194444
3
2,-0.227201
0,0.239892
11
1,-0.992367
4,0.033459
3
7,0.863063
8,-0.228305
5
6,-0.483060
7,-0.458996
12
4,-0.805372
10,0.669366
8
7,-0.976078
8,-0.750220
2
11,0.085267
12,0.377616
0
7,0.645904
6,0.602557
6
14,-0.842297
9,-0.077916
7
3,-0.723119
15,0.797237
12
6,-0.670255
16,-0.668231
0
15,0.596531
9,-0.805110
1
18,0.784893
5,-0.577589
12
19,-0.519471
13,0.078883
10
20,-0.666155
11,-0.386316
2
21,-0.780090
17,-0.943928
5
22,0.786443
22,-0.789167
5
23,0.050829
12,0.172479
24,