numInputs,2
numNodes,15
numOutputs,1
arity,2
functionSet,add,sub,mul,div,sq,sqrt,tanh,1,0,wire,sin,cos,min,max
9
0,-0.710321
1,0.217911
10
1,-0.135019
0,0.803090
5
0,0.816223
3,-0.896758
4
2,0.897794
4,-0.483930
2
3,0.143492
5,-0.986210
12
6,-0.512003
6,0.266967
11
3,-0.510402
4,-0.783497
3
8,0.860579
5,0.347544
6
9,-0.967324
1,-0.664981
0
4,0.186365
7,0.418157
3
10,-0.016965
6,0.196913
0
6,-0.028023
5,-0.045928
3
13,0.531834
11,-0.921526
12
12,-0.709448
14,-0.179317
4
15,0.472342
0,0.267725
16,