numInputs,2
numNodes,15
numOutputs,1
arity,2
functionSet,add,sub,mul,div,sq,sqrt,tanh,1,0,wire,sin,cos,min,max
1
0,-0.116086
1,-0.170850
10
2,-0.539209
1,0.790819
7
1,0.263923
1,0.107624
12
3,0.629403
0,0.975339
6
1,-0.911217
0,0.636086
11
2,-0.062555
6,-0.224646
9
2,0.192199
2,-0.554189
4
5,-0.349708
6,-0.439907
6
7,-0.854746
9,-0.893042
13
2,0.060893
8,-0.569653
9
6,-0.949918
3,-0.772563
0
12,0.335260
10,-0.784517
13
2,0.966135
4,-0.792220
13
11,0.730570
13,0.419188
6
15,-0.623660
14,0.702729
16,