numInputs,2
numNodes,17
numOutputs,1
arity,2
functionSet,add,sub,mul,div,sq,sqrt,tanh,1,0,wire,sin,cos,min,max
12
0,-0.031212
0,-0.290490
3
1,0.456230
2,0.521177
5
0,0.128832
0,-0.968201
2
3,0.580326
3,-0.468441
12
5,-0.179696
4,0.696186
12
0,-0.105327
4,0.392434
7
2,-0.414018
0,0.570118
7
8,0.309135
3,0.497088
0
7,0.755857
3,-0.979632
2
6,-0.041894
10,0.837279
9
8,-0.962710
8,-0.854599
6
12,0.367803
7,0.039577
0
10,-0.385564
13,-0.289758
13
11,-0.728275
9,-0.842431
3
1,0.658053
14,0.844425
0
16,0.112887
15,0.385544
10
17,-0.657946
17,0.898462
18,