numInputs,2
numNodes,16
numOutputs,1
arity,2
functionSet,add,sub,mul,div,sq,sqrt,tanh,1,0,wire,sin,cos,min,max
10
1,0.811256
1,0.385982
10
2,0.809407
0,0.668763
1
3,-0.118393
2,0.020877
11
4,-0.971008
1,0.046274
11
5,-0.318675
0,0.150574
0
1,-0.697426
4,0.940584
2
6,-0.835176
0,-0.809117
2
6,-0.409722
8,-0.660174
10
4,0.258084
6,0.735395
0
3,0.615488
10,-0.914666
10
11,0.472600
5,0.752078
12
6,-0.323656
0,0.039147
6
13,0.766222
7,0.790056
6
14,0.296092
9,-0.054075
2
15,-0.205108
10,0.922916
3
12,-0.491854
16,-0.721561
17,