numInputs,2
numNodes,16
numOutputs,1
arity,2
functionSet,add,sub,mul,div,sq,sqrt,tanh,1,0,wire,sin,cos,min,max
9
1,0.131503
1,-0.588568
12
1,-0.472879
0,0.220361
0
3,-0.967575
3,-0.889556
4
2,-0.498920
1,0.007444
2
5,-0.935957
2,0.915080
11
4,-0.336446
2,0.209097
13
5,-0.887186
0,-0.861902
9
6,0.591582
2,0.235989
3
9,0.258831
7,0.829031
11
9,-0.857532
8,-0.617765
11
8,-0.956961
3,0.457477
8
12,-0.063417
6,-0.454574
0
13,0.864592
12,-0.568789
1
14,0.475155
10,-0.264570
9
11,0.775261
9,-0.933458
2
15,-0.385897
16,-0.401220
17,