numInputs,2
numNodes,17
numOutputs,1
arity,2
functionSet,add,sub,mul,div,sq,sqrt,tanh,1,0,wire,sin,cos,min,max
7
1,-0.277717
0,-0.448992
11
2,-0.734044
1,-0.919853
4
3,-0.967440
0,-0.795871
13
3,-0.337507
0,-0.693466
6
1,-0.000942
4,0.181717
7
2,0.349727
0,-0.177030
6
4,-0.977999
7,-0.171226
10
8,-0.660191
8,0.998347
3
5,0.770429
1,-0.759621
0
9,-0.535212
6,0.970175
2
0,0.636201
6,0.709933
10
11,0.094173
8,-0.167822
1
13,0.883088
12,-0.065984
10
10,-0.213536
14,-0.634415
1
14,-0.230131
15,0.539877
11
16,-0.401425
16,0.860239
4
17,-0.043257
16,-0.435531
18,