numInputs,2
numNodes,29
numOutputs,1
arity,2
functionSet,add,sub,mul,div,sq,sqrt,tanh,1,0,wire,sin,cos,min,max
6
1,-0.445949
1,-0.486998
11
1,-0.957275
0,-0.561950
5
1,0.121999
3,-0.574076
11
0,-0.932805
1,0.748505
11
5,-0.130954
1,-0.758530
3
6,-0.388400
4,-0.414189
2
2,0.744748
7,-0.979606
3
2,-0.716769
8,-0.718605
12
3,-0.797835
9,-0.030607
5
5,0.659193
7,0.069148
13
4,0.985789
9,0.242419
13
10,-0.301728
12,-0.439849
11
4,0.388617
13,-0.371790
12
11,-0.662287
7,-0.425613
0
2,-0.494348
8,-0.059158
5
15,0.579883
15,-0.266932
12
17,-0.260215
12,0.846843
6
2,-0.871872
1,-0.166710
11
13,0.565748
19,-0.170083
10
9,-0.490170
20,-0.434721
13
10,-0.086704
21,0.953865
6
22,0.255823
14,-0.970695
3
20,0.192218
18,-0.314376
5
23,-0.245941
20,0.945502
10
16,-0.817416
11,0.060711
4
25,-0.335212
13,-0.266576
3
24,-0.622493
26,-0.861630
0
28,0.762479
27,0.610465
6
29,0.416525
19,-0.329185
30,