numInputs,2
numNodes,15
numOutputs,1
arity,2
functionSet,add,sub,mul,div,sq,sqrt,tanh,1,0,wire,sin,cos,min,max
2
1,-0.835836
1,-0.586916
9
0,0.207065
0,-0.353780
10
2,-0.736635
3,0.428761
6
0,-0.487300
4,-0.216978
12
5,0.419804
4,0.983488
10
2,-0.148662
6,-0.689668
3
6,-0.606437
7,-0.987596
0
8,-0.068639
0,-0.370240
2
7,0.389439
3,-0.362391
9
9,0.783976
10,-0.348893
4
11,0.446369
11,0.511888
9
12,0.649065
12,-0.873176
10
13,0.853966
13,0.662857
10
10,-0.692715
6,-0.728438
0
15,0.835283
14,0.332629
16,