numInputs,2
numNodes,17
numOutputs,1
arity,2
functionSet,add,sub,mul,div,sq,sqrt,tanh,1,0,wire,sin,cos,min,max
6
0,0.646555
1,-0.402259
1
2,0.478468
1,0.573318
13
2,0.763142
3,-0.254881
10
4,-0.146479
2,0.972571
11
0,0.734664
2,0.999582
9
5,-0.508220
1,-0.227049
0
3,0.569177
7,-0.065758
10
6,0.784322
5,0.953542
2
8,-0.029573
8,0.446125
5
10,-0.472718
8,-0.604890
2
9,-0.389019
8,0.346841
4
11,0.325830
9,-0.197236
9
3,0.838202
7,-0.442219
10
13,-0.061113
6,-0.904180
0
12,-0.544642
14,0.293843
2
1,0.856605
16,0.443388
2
15,0.627343
17,-0.811490
18,