numInputs,2
numNodes,28
numOutputs,1
arity,2
functionSet,add,sub,mul,div,sq,sqrt,tanh,1,0,wire,sin,cos,min,max
9
0,-0.443947
1,-0.976902
13
0,0.263066
2,0.194845
0
2,0.621127
2,0.067091
5
2,-0.377157
4,-0.540831
12
1,0.936064
3,-0.196706
9
6,-0.875990
5,-0.223529
3
5,-0.117361
4,0.834045
2
4,-0.887624
1,-0.355395
1
9,0.519795
6,-0.285645
9
8,0.490986
9,-0.551561
4
3,0.819140
6,0.231786
6
11,-0.806445
12,0.198532
11
13,0.741991
10,0.389537
4
14,0.822777
12,0.602909
3
10,-0.153336
7,-0.362512
3
12,0.470539
1,-0.738951
9
13,-0.232391
14,-0.597871
11
15,-0.863503
14,-0.197143
3
16,0.952870
10,-0.301292
9
17,-0.641023
19,0.110861
0
19,-0.574615
9,-0.156554
4
22,0.169225
10,-0.296860
6
18,-0.953580
18,-0.477024
10
23,0.536061
23,0.793526
12
21,0.340000
25,-0.741138
13
26,0.725693
24,-0.986027
13
27,-0.016687
20,-0.807489
1
25,0.460290
28,0.745009
29,