numInputs,2
numNodes,21
numOutputs,1
arity,2
functionSet,add,sub,mul,div,sq,sqrt,tanh,1,0,wire,sin,cos,min,max
5
0,0.400586
1,-0.686787
13
1,-0.095020
2,-0.586421
10
3,-0.771344
1,-0.232437
2
3,-0.539024
0,0.025072
10
4,0.401315
4,0.418918
1
2,-0.460921
3,-0.077422
11
7,0.158172
2,-0.561828
3
1,0.010839
8,-0.083708
2
5,0.196267
3,-0.867928
1
9,-0.120020
4,-0.233529
11
0,0.116381
10,-0.937870
7
5,-0.737633
5,-0.093195
13
6,-0.126620
11,-0.989622
10
10,0.720299
10,-0.340950
6
11,0.921188
14,-0.609258
12
16,0.524373
15,-0.362009
2
12,-0.475936
11,-0.871870
9
18,0.624025
9,-0.955119
13
13,0.724361
19,-0.105101
6
17,-0.252414
20,0.612440
10
21,0.870592
20,-0.618680
22,