numInputs,2
numNodes,16
numOutputs,1
arity,2
functionSet,add,sub,mul,div,sq,sqrt,tanh,1,0,wire,sin,cos,min,max
0
0,0.836544
1,-0.314911
2
0,-0.126972
2,-0.988666
13
1,-0.249445
3,-0.236093
5
2,-0.342846
3,0.399573
6
5,0.845644
0,-0.297351
9
6,-0.145207
5,0.301716
4
7,-0.610970
5,0.565332
12
0,0.466544
5,0.118375
10
9,-0.298039
9,0.016219
3
8,0.098711
10,-0.891750
1
11,0.756427
1,0.359781
5
4,-0.455357
9,-0.686447
9
13,0.977482
13,-0.450276
10
12,-0.121406
13,-0.376258
10
14,-0.432690
15,0.101973
0
15,0.084378
16,-0.450749
17,