numInputs,2
numNodes,16
numOutputs,1
arity,2
functionSet,add,sub,mul,div,sq,sqrt,tanh,1,0,wire,sin,cos,min,max
2
1,-0.973467
1,0.770721
11
1,0.548343
2,-0.608935
11
2,0.942687
3,-0.555191
4
0,0.262727
1,0.896772
4
5,-0.996978
3,-0.640762
3
6,-0.990488
4,-0.292687
13
6,0.311272
7,-0.062244
2
3,-0.582599
0,-0.041869
1
8,0.228741
2,-0.980660
2
0,-0.569352
9,-0.642058
11
9,0.427744
11,0.993409
10
12,0.056515
6,0.086903
7
0,0.580503
13,0.224999
12
11,-0.605109
14,-0.046457
0
10,-0.193241
15,-0.300453
1
13,-0.677641
16,-0.741203
17,