numInputs,2
numNodes,34
numOutputs,1
arity,2
functionSet,add,sub,mul,div,sq,sqrt,tanh,1,0,wire,sin,cos,min,max
10
0,0.777537
0,-0.362461
4
0,0.856095
1,-0.377536
0
2,-0.750192
2,-0.248736
9
0,0.976905
1,0.896962
6
3,-0.872442
3,0.839022
13
0,0.669481
5,0.901414
0
0,-0.048015
3,0.852847
9
4,-0.904597
7,-0.518882
8
0,-0.973589
1,0.339205
5
7,-0.516753
8,0.668058
7
3,-0.789953
4,0.157048
8
6,0.220827
3,0.899689
13
5,-0.472345
10,-0.355061
1
13,-0.141560
8,-0.283908
0
15,-0.937398
6,-0.264484
2
1,0.616882
9,-0.619023
9
16,-0.793908
7,-0.914042
11
11,-0.049113
14,0.750561
11
5,0.688361
17,0.065195
5
12,-0.336223
17,0.779722
1
21,0.214671
1,0.633638
10
17,-0.540563
11,0.860655
12
14,0.426866
4,-0.739325
12
22,0.575979
18,-0.633345
4
20,-0.678058
17,-0.909381
3
24,-0.141379
26,0.997005
11
25,-0.481907
12,0.688721
3
23,-0.902582
28,-0.500843
9
29,0.275759
7,-0.829088
11
17,0.576334
26,-0.298353
5
27,0.919375
18,-0.136165
1
32,0.969982
30,0.984251
13
19,0.995771
33,0.212362
3
34,-0.075075
31,-0.888855
35,