numInputs,2
numNodes,17
numOutputs,1
arity,2
functionSet,add,sub,mul,div,sq,sqrt,tanh,1,0,wire,sin,cos,min,max
5
1,0.606646
0,0.483831
7
0,0.867999
2,-0.456374
7
0,0.957958
1,-0.435433
10
2,-0.888919
3,0.680465
1
5,-0.236405
3,0.566667
11
1,-0.473626
5,-0.355606
11
0,0.012816
3,-0.094303
12
3,-0.279826
4,-0.744232
12
6,-0.668387
8,0.881497
4
10,0.716354
2,0.430178
4
6,0.652768
11,0.736868
2
7,0.433167
8,-0.125473
2
13,0.489702
9,-0.560823
9
11,-0.916516
11,-0.762283
4
12,-0.827163
14,-0.961296
6
15,-0.320509
14,-0.466122
3
16,0.121616
17,-0.722167
18,