numInputs,2
numNodes,24
numOutputs,1
arity,2
functionSet,add,sub,mul,div,sq,sqrt,tanh,1,0,wire,sin,cos,min,max
13
1,0.575891
0,0.493845
2
1,0.041823
1,-0.569093
0
3,0.115437
2,-0.706711
2
4,-0.760758
3,-0.974638
6
1,-0.178515
3,-0.458673
10
5,-0.844383
6,0.853334
0
3,-0.704223
1,-0.281740
8
2,-0.136803
8,0.544983
13
9,-0.182435
0,-0.297690
13
3,0.996915
8,-0.274361
11
8,0.190747
11,-0.457218
3
10,-0.702708
11,-0.784922
2
10,-0.134501
6,-0.864065
3
0,0.466673
3,-0.048230
3
15,0.288055
1,0.913593
6
14,0.621244
0,-0.022661
2
7,0.528161
4,0.429416
6
17,0.739335
14,-0.421365
13
13,-0.403972
16,-0.743694
9
18,-0.915090
17,0.941436
13
20,0.950247
12,0.425502
2
22,0.176904
21,0.579115
11
19,0.305203
23,0.702661
2
24,0.556722
23,-0.363416
25,