numInputs,2
numNodes,17
numOutputs,1
arity,2
functionSet,add,sub,mul,div,sq,sqrt,tanh,1,0,wire,sin,cos,min,max
10
1,0.589731
0,-0.747212
7
2,-0.002297
1,-0.666425
5
3,0.673253
3,0.119386
7
2,-0.651352
2,-0.644034
4
1,0.512325
5,-0.654503
2
0,-0.931545
2,-0.859776
2
4,0.151420
7,-0.222639
4
8,0.218442
7,-0.982298
8
9,-0.757512
9,-0.476812
2
1,0.328786
9,-0.987399
6
5,0.918471
6,-0.744981
0
9,-0.251380
10,0.456496
4
11,0.317881
10,0.224732
3
14,0.506834
12,-0.243464
13
15,0.854752
11,0.282381
11
16,-0.253189
6,0.742023
2
13,-0.459285
17,0.978422
18,