numInputs,2
numNodes,16
numOutputs,1
arity,2
functionSet,add,sub,mul,div,sq,sqrt,tanh,1,0,wire,sin,cos,min,max
2
0,0.268576
1,-0.493368
6
0,0.988983
1,0.975922
5
0,-0.090063
0,0.199935
3
2,0.792357
4,-0.898247
6
4,0.283808
3,-0.584273
11
4,0.952210
0,-0.466245
0
1,0.789734
5,-0.928908
0
6,0.428045
6,0.979000
5
8,0.655153
5,0.667653
7
7,0.882541
5,-0.090924
2
7,-0.210806
10,0.671935
4
11,0.621499
8,-0.581015
2
13,-0.533938
9,-0.899184
11
14,-0.561123
10,-0.243300
1
15,-0.748046
12,-0.831566
10
16,0.411942
15,-0.641536
17,