numInputs,2
numNodes,16
numOutputs,1
arity,2
functionSet,add,sub,mul,div,sq,sqrt,tanh,1,0,wire,sin,cos,min,max
10
0,-0.448455
1,-0.983214
1
2,-0.209902
0,-0.133635
3
0,0.701293
3,0.533032
0
1,-0.438692
4,-0.378703
7
0,-0.714372
5,0.213518
5
6,0.597439
3,-0.529537
2
5,0.358933
2,-0.629651
7
7,-0.600446
4,0.925830
4
8,0.593001
8,0.450761
7
6,-0.428008
7,0.303091
1
10,-0.750786
11,0.956701
2
9,-0.542026
12,0.957276
10
13,-0.910196
12,-0.708631
1
14,0.804946
7,0.764950
9
15,0.188972
3,0.943516
10
16,0.390689
16,0.923768
17,