numInputs,2
numNodes,24
numOutputs,1
arity,2
functionSet,add,sub,mul,div,sq,sqrt,tanh,1,0,wire,sin,cos,min,max
9
1,0.126877
1,0.599247
10
1,-0.193311
0,-0.190666
1
2,0.731839
0,0.106326
4
4,0.272494
3,-0.142608
5
2,-0.051925
5,0.999604
0
5,0.382842
3,-0.077311
12
3,-0.969450
7,-0.403435
12
6,0.382866
0,-0.395314
3
7,-0.286423
9,-0.698852
6
8,-0.489006
7,0.167568
11
10,-0.638295
11,0.277811
11
11,-0.311444
11,-0.436264
4
12,0.572200
12,-0.993180
9
14,-0.613013
14,-0.374941
5
13,0.032845
15,-0.470190
5
15,0.832965
8,0.205370
5
10,-0.596417
14,-0.807879
7
17,-0.674229
13,0.782369
11
18,0.119940
14,0.897297
13
17,-0.956543
16,-0.604168
7
20,0.934994
14,0.125349
12
22,0.715541
19,0.890621
6
21,-0.611131
20,0.196170
0
24,0.847164
23,0.160139
25,