numInputs,2
numNodes,16
numOutputs,1
arity,2
functionSet,add,sub,mul,div,sq,sqrt,tanh,1,0,wire,sin,cos,min,max
13
1,-0.745665
1,-0.387578
5
0,0.525650
1,-0.305939
12
2,0.898075
2,-0.706065
4
4,-0.569230
3,-0.328455
9
4,0.193554
2,0.812697
1
5,-0.164611
6,0.588854
13
4,-0.354812
7,-0.836167
3
8,-0.047055
3,0.843351
1
9,-0.388145
8,-0.938684
9
4,-0.454191
6,0.912136
5
11,0.206649
10,-0.728247
13
7,0.842322
12,-0.270798
0
13,0.423843
10,0.837066
8
14,0.353375
14,0.180249
0
9,-0.535998
15,-0.378688
1
14,-0.899982
16,0.661268
17,