numInputs,2
numNodes,27
numOutputs,1
arity,2
functionSet,add,sub,mul,div,sq,sqrt,tanh,1,0,wire,sin,cos,min,max
13
1,-0.942984
0,-0.070961
2
2,0.112166
2,0.081669
0
0,0.443940
1,-0.447114
11
3,-0.592312
4,-0.588182
3
1,-0.260874
5,-0.694787
1
1,-0.227089
6,-0.493791
1
2,-0.200061
7,-0.594068
12
6,-0.909573
2,-0.274360
12
8,0.593560
2,-0.941917
10
0,-0.204015
3,-0.813658
1
9,0.797568
8,-0.014724
1
12,-0.180507
7,0.671164
5
7,0.640207
4,0.447060
1
11,-0.969866
5,0.728457
0
13,-0.705484
4,-0.348280
12
10,0.837084
14,-0.863629
11
17,0.674163
15,0.284334
11
2,0.783443
1,-0.828413
11
9,-0.447100
10,-0.042436
0
16,0.978764
17,-0.134951
2
18,-0.725302
14,0.241287
12
22,-0.804018
20,-0.888424
13
0,0.075742
23,0.306854
6
19,-0.971975
21,-0.154914
9
24,-0.146214
20,-0.456409
0
25,-0.283068
26,0.049857
2
27,0.857438
15,-0.736925
28,