numInputs,2
numNodes,16
numOutputs,1
arity,2
functionSet,add,sub,mul,div,sq,sqrt,tanh,1,0,wire,sin,cos,min,max
10
0,0.975039
0,0.127708
9
0,0.024695
0,0.237983
3
3,0.747302
2,0.084151
0
1,0.378456
4,-0.404570
0
0,-0.986055
3,-0.128719
11
3,0.579639
2,-0.682178
2
3,-0.571196
3,0.903208
1
6,-0.362335
8,0.582317
3
1,0.707916
8,0.197837
10
7,-0.576211
3,0.504800
6
10,-0.268777
5,-0.329728
4
12,-0.990641
9,-0.404332
1
9,-0.851718
9,-0.669904
13
13,-0.264200
14,0.655587
11
11,0.204681
9,0.130646
13
15,-0.286567
16,-0.344918
17,