numInputs,2
numNodes,24
numOutputs,1
arity,2
functionSet,add,sub,mul,div,sq,sqrt,tanh,1,0,wire,sin,cos,min,max
0
1,-0.777260
0,0.590421
0
2,0.631970
1,0.887086
2
2,0.482486
2,-0.943904
9
4,-0.394541
4,-0.927213
9
3,0.290118
4,0.357801
10
1,0.799605
5,0.781795
5
6,-0.006227
7,-0.782981
3
1,-0.796058
0,0.311582
6
5,-0.796372
9,-0.297372
11
8,-0.291672
10,-0.121135
10
7,0.784239
11,-0.898808
12
8,-0.595461
10,-0.904185
5
6,-0.175002
7,-0.903151
7
9,0.485657
4,-0.441277
13
14,0.262851
9,0.824805
9
10,0.568842
9,-0.702751
2
15,-0.762168
13,-0.460030
0
12,0.690269
11,0.130425
2
16,0.324797
19,0.557806
11
20,-0.497690
16,-0.423969
5
21,0.925450
5,0.733823
6
18,-0.057415
8,0.041990
0
22,-0.094598
23,-0.018264
2
24,0.235533
17,-0.845188
25,