numInputs,2
numNodes,18
numOutputs,1
arity,2
functionSet,add,sub,mul,div,sq,sqrt,tanh,1,0,wire,sin,cos,min,max
13
1,-0.820232
0,0.367628
12
2,-0.052160
2,0.227972
9
1,0.223495
0,-0.594542
5
3,-0.625790
3,-0.220157
3
3,0.222144
1,-0.430991
12
5,-0.288962
4,0.044123
10
3,0.183538
6,-0.296494
13
8,0.166189
7,0.431587
11
6,-0.352890
1,-0.699588
10
9,-0.390738
9,0.956930
1
5,0.224399
4,-0.886899
1
12,-0.810346
9,0.280144
13
10,0.045247
11,-0.351163
2
13,-0.648755
14,-0.312480
13
13,0.078646
5,-0.741026
5
16,0.508174
16,-0.965242
3
15,-0.682411
17,0.660870
11
18,-0.199890
7,0.354256
19,