numInputs,2
numNodes,28
numOutputs,1
arity,2
functionSet,add,sub,mul,div,sq,sqrt,tanh,1,0,wire,sin,cos,min,max
6
1,0.058179
0,-0.675625
1
1,0.308489
2,-0.843489
3
0,-0.087970
2,-0.546236
9
0,-0.942682
0,0.227917
10
5,-0.185899
1,0.478761
7
6,0.752939
6,0.803282
7
7,0.364153
1,-0.324317
2
0,-0.417243
6,-0.259093
6
3,-0.979102
4,0.378879
0
4,0.398084
0,-0.158281
5
10,0.321484
8,0.689850
7
8,0.780444
12,0.631943
13
7,0.197733
9,-0.308488
2
7,-0.332890
11,-0.796516
11
14,0.456400
12,-0.213496
2
4,0.989092
16,-0.549827
11
1,-0.698617
0,-0.843843
11
13,-0.471276
15,0.356079
13
8,-0.226914
15,0.433713
11
18,0.502317
18,0.235168
4
12,-0.211026
16,-0.411487
0
17,0.044611
21,-0.285857
13
19,-0.878553
22,0.406481
2
24,0.299100
15,0.223775
5
20,0.626286
25,-0.168665
0
25,-0.707780
26,-0.684889
4
27,-0.994551
24,-0.847709
0
28,0.119835
23,0.399789
29,