numInputs,2
numNodes,16
numOutputs,1
arity,2
functionSet,add,sub,mul,div,sq,sqrt,tanh,1,0,wire,sin,cos,min,max
3
1,-0.339193
0,0.789386
3
0,0.790578
1,-0.922807
6
0,-0.149615
3,-0.140633
2
2,0.163153
4,0.017819
10
0,0.050004
0,-0.686816
9
5,-0.817101
3,0.751996
13
6,0.792514
5,-0.630901
1
8,0.361031
7,-0.654841
7
4,0.810228
1,-0.313932
5
2,-0.991926
7,0.022350
8
9,-0.491504
1,-0.516794
0
12,-0.788611
11,-0.706851
2
13,-0.970127
1,-0.974948
0
9,0.953539
14,-0.942200
0
10,0.327982
15,-0.463960
11
16,0.777128
15,-0.183690
17,