numInputs,2
numNodes,16
numOutputs,1
arity,2
functionSet,add,sub,mul,div,sq,sqrt,tanh,1,0,wire,sin,cos,min,max
11
1,0.897935
0,0.285786
2
0,0.730231
1,-0.819764
13
3,0.253374
1,-0.267254
11
0,0.947600
4,0.991516
2
3,-0.098344
2,0.409760
11
6,-0.918737
5,0.663807
11
4,0.871071
5,-0.907967
2
5,-0.116915
7,-0.549858
7
6,-0.916452
4,-0.080848
6
1,-0.577207
8,0.341777
5
10,0.800907
8,0.550703
9
9,0.301532
6,0.478633
11
11,-0.550792
5,0.562743
10
13,0.622370
14,0.880172
6
15,-0.600994
12,0.988808
0
16,0.899780
14,-0.314240
17,