numInputs,2
numNodes,25
numOutputs,1
arity,2
functionSet,add,sub,mul,div,sq,sqrt,tanh,1,0,wire,sin,cos,min,max
6
0,0.750293
1,-0.641158
7
0,0.870986
1,-0.911302
4
2,0.221630
1,-0.112405
2
4,0.602080
4,0.974931
11
4,-0.147576
0,0.416904
11
4,-0.492451
1,0.376191
6
3,-0.469165
7,0.465541
8
0,0.659972
0,-0.858989
1
8,0.190955
9,-0.885844
1
8,-0.443099
9,-0.604237
3
5,-0.016743
10,0.117656
0
9,-0.373284
10,0.914002
12
11,0.580472
7,0.708235
4
13,-0.266621
7,-0.925575
3
10,0.856571
6,0.390741
2
15,-0.588534
14,0.369273
10
17,-0.922041
10,0.904634
1
16,-0.777525
12,-0.182933
0
2,-0.071165
19,-0.602090
4
15,0.061704
18,-0.973289
5
21,-0.555592
21,0.986106
9
20,-0.838318
22,0.734884
3
22,-0.093322
23,-0.309719
11
24,-0.668129
12,-0.444249
0
18,-0.270066
25,-0.875491
26,