numInputs,2
numNodes,15
numOutputs,1
arity,2
functionSet,add,sub,mul,div,sq,sqrt,tanh,1,0,wire,sin,cos,min,max
9
0,-0.809720
0,-0.947717
11
2,-0.654483
2,0.085196
13
3,-0.671083
3,0.316033
2
4,0.335480
4,-0.937200
2
1,0.800084
5,0.515705
7
2,0.330561
2,-0.448747
13
2,0.027724
1,-0.600410
4
0,0.176909
8,-0.177077
3
9,0.477584
8,-0.333815
10
10,-0.502765
10,-0.780704
4
7,0.106989
10,0.989426
13
12,0.962706
6,0.122619
12
13,-0.746256
10,-0.677142
3
14,-0.999437
11,0.193052
4
15,0.271411
2,-0.048439
16,