numInputs,2
numNodes,17
numOutputs,1
arity,2
functionSet,add,sub,mul,div,sq,sqrt,tanh,1,0,wire,sin,cos,min,max
3
1,0.956164
1,0.307211
11
2,0.682307
1,-0.800724
4
2,-0.448289
3,0.689905
5
1,0.800279
3,-0.118773
9
4,-0.672280
5,-0.015493
7
5,0.244946
0,0.119243
5
6,0.619431
1,0.465711
10
7,0.899916
2,0.666159
5
9,-0.868346
1,-0.418463
13
3,-0.669710
10,-0.937330
1
11,-0.745866
8,0.536054
9
0,0.283940
9,-0.243434
3
13,0.808199
5,-0.339334
3
4,-0.807247
5,-0.542752
11
14,0.746248
5,-0.872594
6
16,-0.218725
15,0.871780
13
17,0.672238
12,0.122360
18,