numInputs,2
numNodes,21
numOutputs,1
arity,2
functionSet,add,sub,mul,div,sq,sqrt,tanh,1,0,wire,sin,cos,min,max
3
1,0.895230
1,-0.525517
0
0,-0.615765
2,-0.122754
9
1,0.453677
0,-0.703912
13
4,0.290135
3,-0.862183
12
1,-0.776690
3,-0.945155
5
5,-0.258604
6,-0.799781
5
6,0.176778
4,-0.938714
0
5,-0.019927
1,0.082832
6
2,0.783349
7,-0.324408
10
8,0.372938
0,-0.986110
6
8,0.379190
0,0.898084
5
0,0.746209
8,0.501280
12
10,0.145080
2,0.656943
0
0,-0.831694
14,-0.316598
1
13,-0.437432
11,0.721131
4
3,0.911868
12,0.770235
0
15,0.577990
17,0.704657
1
9,-0.166413
18,-0.741312
11
12,0.597622
17,0.146917
3
16,-0.148751
19,-0.081303
6
20,-0.216983
21,-0.753407
22,