numInputs,2
numNodes,28
numOutputs,1
arity,2
functionSet,add,sub,mul,div,sq,sqrt,tanh,1,0,wire,sin,cos,min,max
4
1,0.233433
1,0.303998
7
1,0.640424
2,0.517537
5
2,0.859991
1,0.318838
1
2,0.385646
0,-0.732768
12
1,-0.674233
3,-0.119815
3
4,-0.185686
2,0.453378
5
1,-0.251590
2,0.254887
5
5,0.732486
4,0.912516
10
4,-0.703505
4,0.326118
6
0,0.845482
10,0.806084
11
1,-0.248915
3,0.652068
0
3,0.581583
8,-0.547929
2
9,-0.721422
13,-0.526405
0
11,-0.032450
12,0.652230
5
7,-0.725974
11,0.513670
12
12,0.724645
4,0.702323
2
17,0.245836
13,-0.114834
13
14,-0.707565
13,-0.052747
6
18,-0.812421
15,-0.160769
0
20,0.711487
15,-0.056850
9
6,0.760143
21,-0.643971
3
9,0.926796
16,-0.309612
10
19,-0.678640
3,0.621099
12
4,0.876024
24,-0.307005
6
22,0.707399
21,-0.569342
2
25,-0.718790
14,-0.058826
6
27,-0.841625
23,0.766746
1
26,0.101217
28,0.391953
29,