numInputs,2
numNodes,20
numOutputs,1
arity,2
functionSet,add,sub,mul,div,sq,sqrt,tanh,1,0,wire,sin,cos,min,max
0
1,0.639432
0,0.684823
5
1,0.353454
2,0.292026
7
2,0.502667
0,-0.683397
10
1,0.704684
2,0.997265
6
4,-0.390972
3,0.602143
2
6,-0.279449
2,-0.774157
2
6,-0.105823
6,0.497493
10
7,0.415808
4,-0.635023
1
8,0.716887
3,-0.276585
2
3,-0.821039
9,-0.698948
11
11,-0.538701
5,-0.141838
1
10,0.122230
5,-0.754079
5
12,0.248023
8,-0.521248
3
3,-0.939884
13,0.308296
1
10,-0.467244
15,-0.275086
8
14,0.416832
0,-0.867145
2
14,-0.975751
10,0.020064
12
17,-0.143767
18,-0.450901
10
16,-0.360824
10,0.748711
12
19,-0.709041
20,0.106325
21,