numInputs,2
numNodes,17
numOutputs,1
arity,2
functionSet,add,sub,mul,div,sq,sqrt,tanh,1,0,wire,sin,cos,min,max
1
0,0.324063
1,0.553673
4
1,-0.179852
0,-0.014477
6
3,-0.966426
2,-0.753017
4
2,-0.004335
1,-0.396903
11
5,-0.820410
1,0.738124
12
4,-0.765894
5,-0.139885
13
3,0.478067
6,-0.009011
3
0,0.685167
2,0.278737
12
6,0.952048
8,-0.373898
9
5,0.904036
4,-0.339567
5
10,-0.245318
11,-0.084583
0
7,0.801046
11,-0.890941
12
13,-0.393513
6,-0.747678
13
12,0.012961
9,0.585508
2
15,0.110220
9,0.709429
10
16,-0.327050
5,0.282176
2
17,-0.185111
14,0.308668
18,