numInputs,2
numNodes,23
numOutputs,1
arity,2
functionSet,add,sub,mul,div,sq,sqrt,tanh,1,0,wire,sin,cos,min,max
1
0,-0.314168
1,-0.924709
0
0,0.798815
0,-0.171097
11
3,0.162722
0,0.339749
13
4,0.327406
1,-0.870110
0
0,-0.678088
4,-0.960497
0
6,0.873411
1,-0.903226
8
3,0.367947
5,-0.391754
12
8,-0.337146
7,0.285425
0
6,0.536242
0,0.383080
6
4,0.840814
2,-0.273476
1
3,0.479368
9,0.797295
1
12,-0.900724
3,-0.123296
1
0,0.221681
13,-0.704421
5
5,0.209696
11,-0.991223
7
10,-0.935109
11,-0.696261
2
10,-0.049885
14,0.826838
7
11,0.865381
14,0.987660
1
11,-0.139227
15,-0.893147
3
16,-0.569250
18,-0.619431
13
17,0.015726
17,-0.151912
0
21,0.489280
19,0.892219
11
22,-0.900262
20,0.655382
1
23,0.361506
20,-0.179778
24,