numInputs,2
numNodes,19
numOutputs,1
arity,2
functionSet,add,sub,mul,div,sq,sqrt,tanh,1,0,wire,sin,cos,min,max
3
1,-0.015013
0,0.172747
2
1,0.687897
2,0.863982
9
1,-0.051271
1,-0.012025
12
3,0.770214
0,0.597688
0
3,-0.583309
5,0.152777
10
4,-0.838170
1,0.814776
8
1,0.571669
6,0.616776
0
6,0.197544
7,0.787231
7
2,-0.507486
3,-0.789460
12
10,-0.589006
10,0.077421
8
11,-0.560025
6,-0.990831
1
0,-0.330489
8,0.790636
9
9,0.848676
13,0.119943
1
13,0.556063
2,-0.274862
3
12,0.894177
11,-0.126419
0
9,-0.830234
14,-0.664887
12
15,-0.078671
17,-0.445056
11
18,0.530084
13,0.883450
1
19,-0.185168
16,0.299899
20,