numInputs,2
numNodes,19
numOutputs,1
arity,2
functionSet,add,sub,mul,div,sq,sqrt,tanh,1,0,wire,sin,cos,min,max
5
1,-0.315680
1,-0.348523
9
2,-0.827586
2,-0.894136
11
1,-0.645604
0,-0.153768
7
2,-0.093644
0,-0.083580
13
3,-0.637116
0,-0.649188
5
2,0.502657
1,-0.209912
0
7,0.767748
5,0.748187
0
6,-0.603502
4,-0.044166
0
9,-0.956880
7,-0.431654
3
6,-0.587520
8,0.967092
1
2,-0.137925
5,0.474040
12
11,-0.008951
12,0.678348
0
13,-0.144135
3,-0.491129
1
10,-0.531831
1,-0.504533
3
11,0.203694
15,-0.705947
4
16,-0.609171
13,-0.367354
11
14,-0.237249
8,-0.190454
6
12,-0.613952
17,0.909491
2
19,0.814360
18,-0.581309
20,