numInputs,2
numNodes,22
numOutputs,1
arity,2
functionSet,add,sub,mul,div,sq,sqrt,tanh,1,0,wire,sin,cos,min,max
10
0,-0.111685
0,-0.532428
8
0,0.371677
0,-0.904533
9
3,0.462845
3,0.990787
1
0,0.765695
4,-0.247749
10
1,-0.767708
1,-0.842525
9
5,0.930318
2,0.510818
3
7,-0.715834
5,-0.225157
7
5,0.917125
5,0.471849
1
1,0.586058
9,-0.902271
3
2,0.734113
3,0.320171
7
7,-0.379400
7,-0.690346
0
12,-0.097318
6,-0.681872
5
10,0.389376
5,0.066990
12
12,-0.115340
8,0.489439
9
14,-0.659317
14,-0.344660
8
16,0.220971
1,-0.879202
6
17,0.536071
13,-0.902240
0
18,-0.302894
16,0.416456
4
15,0.921520
16,0.061248
9
20,-0.554486
5,-0.741998
6
19,0.326457
11,0.939435
2
21,-0.425055
22,0.990907
23,