numInputs,2
numNodes,15
numOutputs,1
arity,2
functionSet,add,sub,mul,div,sq,sqrt,tanh,1,0,wire,sin,cos,min,max
1
1,0.103967
0,-0.738936
10
0,0.704908
1,-0.662463
10
0,-0.925689
0,-0.632555
6
3,0.613635
1,0.611711
13
4,0.715899
3,0.064032
2
2,0.115056
6,-0.458899
12
7,-0.809695
5,0.622886
10
2,0.499634
8,0.813575
5
2,-0.496694
5,0.679267
5
6,0.338172
10,0.751539
12
11,-0.704822
8,0.184710
11
10,0.388208
12,0.662981
0
13,0.766553
12,-0.189280
11
14,0.611984
7,-0.216116
2
15,-0.537660
9,-0.624495
16,