numInputs,2
numNodes,20
numOutputs,1
arity,2
functionSet,add,sub,mul,div,sq,sqrt,tanh,1,0,wire,sin,cos,min,max
2
0,-0.173413
1,0.191555
10
2,-0.602765
2,0.288358
11
3,0.313693
3,0.607421
0
4,-0.371510
1,0.906068
6
1,-0.804629
4,-0.007269
12
0,0.859940
1,-0.251101
10
7,0.629495
0,0.691635
12
5,0.778584
5,0.697823
1
4,-0.874188
6,0.836697
10
10,-0.361296
8,0.141946
0
9,-0.714890
2,0.220102
9
11,0.323412
8,0.661051
5
8,0.154617
5,0.416952
10
14,0.816027
13,-0.987762
10
13,0.009427
13,-0.043285
6
16,0.518205
2,-0.431308
3
15,0.981104
17,0.358900
11
12,0.971322
15,-0.567810
9
18,0.824359
8,0.623465
6
19,-0.453534
20,-0.771767
21,