numInputs,2
numNodes,19
numOutputs,1
arity,2
functionSet,add,sub,mul,div,sq,sqrt,tanh,1,0,wire,sin,cos,min,max
0
1,-0.824565
0,0.722752
4
1,0.452213
1,-0.718382
5
1,0.550649
3,0.230491
2
4,0.207611
2,0.811841
2
0,0.920052
5,-0.496354
7
1,0.295888
3,0.736147
1
7,-0.659247
4,-0.455291
9
4,-0.863709
4,0.141768
1
0,-0.919472
3,0.329874
6
5,0.099449
10,0.951909
12
6,-0.868112
8,0.892701
0
1,-0.325799
11,0.151546
3
8,0.785937
5,0.457248
12
13,-0.739961
12,-0.019329
12
9,0.692515
14,0.135938
2
16,-0.812081
15,-0.280981
9
17,-0.176674
14,0.693651
11
6,0.338339
17,-0.339945
13
19,-0.375186
18,0.283239
20,