numInputs,2
numNodes,20
numOutputs,1
arity,2
functionSet,add,sub,mul,div,sq,sqrt,tanh,1,0,wire,sin,cos,min,max
12
1,-0.683754
0,-0.788976
8
0,-0.156788
1,-0.841814
9
1,-0.944829
1,-0.671668
6
0,0.002168
3,0.508073
5
2,-0.759645
4,-0.592630
13
4,-0.808775
1,-0.958519
2
7,-0.873045
5,-0.153954
10
7,-0.532705
6,0.333496
3
2,-0.350280
7,0.868630
4
10,-0.604306
7,0.765211
9
5,-0.854839
10,0.685241
6
5,0.541665
6,-0.314847
0
8,-0.534710
12,-0.567468
1
13,-0.310890
9,-0.837727
2
8,-0.632144
11,-0.359167
10
16,-0.892005
2,-0.990912
11
14,-0.748950
13,-0.976732
13
17,0.375384
15,-0.739065
11
18,0.174813
19,0.648067
1
19,0.874658
20,-0.250898
21,