numInputs,2
numNodes,18
numOutputs,1
arity,2
functionSet,add,sub,mul,div,sq,sqrt,tanh,1,0,wire,sin,cos,min,max
4
1,0.202690
1,0.873507
2
0,-0.241799
2,0.018502
3
1,-0.079716
3,0.667635
0
3,-0.575942
2,-0.179245
2
2,-0.504062
4,-0.084085
9
6,-0.802712
3,-0.139951
11
1,-0.199096
4,-0.830339
2
8,-0.594170
1,-0.170854
7
1,0.925347
9,-0.984366
13
4,-0.906314
9,0.717362
7
11,0.630048
3,-0.381074
6
10,0.979599
9,-0.059182
4
5,0.827420
3,-0.376790
13
7,-0.236878
13,-0.533231
0
12,-0.877296
14,0.039481
0
15,-0.134202
11,-0.868177
10
16,0.395559
16,-0.966340
3
18,-0.657932
17,0.380179
19,