numInputs,2
numNodes,15
numOutputs,1
arity,2
functionSet,add,sub,mul,div,sq,sqrt,tanh,1,0,wire,sin,cos,min,max
13
0,0.867461
1,0.455495
0
1,0.198359
2,0.864589
11
0,0.160554
0,0.329960
12
4,0.562411
1,0.836263
7
4,-0.795640
0,-0.059756
1
1,-0.513965
4,-0.381584
2
6,0.753918
5,-0.378961
9
0,-0.624507
4,-0.416560
0
2,0.347936
8,-0.585492
10
8,-0.327917
10,-0.336736
2
11,0.332207
7,0.366077
3
10,-0.755930
3,-0.363164
2
13,0.990445
12,0.764298
12
14,0.215239
9,-0.585509
10
15,0.857449
14,0.975200
16,