numInputs,2
numNodes,19
numOutputs,1
arity,2
functionSet,add,sub,mul,div,sq,sqrt,tanh,1,0,wire,sin,cos,min,max
3
0,-0.350003
1,-0.284086
10
2,-0.863419
1,-0.490603
5
3,-0.141206
1,-0.539212
10
3,-0.241095
3,0.674767
13
1,0.703673
4,-0.427559
5
0,-0.190384
5,0.611109
1
4,0.660981
7,-0.780366
0
8,-0.009518
3,-0.173080
2
9,-0.332792
8,0.898933
10
6,-0.179742
4,-0.806978
0
5,-0.408669
1,-0.621158
12
4,0.130168
12,-0.096168
2
13,-0.945347
9,-0.199103
12
11,0.786443
14,0.629298
0
5,0.516058
15,-0.925475
11
10,0.654004
15,0.375122
1
16,-0.450043
1,0.812864
10
18,0.975725
16,-0.073625
6
19,-0.268753
17,0.798942
20,