numInputs,2
numNodes,18
numOutputs,1
arity,2
functionSet,add,sub,mul,div,sq,sqrt,tanh,1,0,wire,sin,cos,min,max
10
0,-0.349392
0,-0.518216
5
2,-0.700835
2,-0.813504
4
1,0.059030
0,0.318113
9
0,0.602872
4,0.396127
1
3,-0.933591
0,-0.410908
10
4,-0.473667
2,-0.771885
6
3,0.977009
5,-0.053354
10
7,0.489043
7,-0.119501
8
1,-0.361479
3,-0.929574
2
9,0.713659
6,-0.828547
0
8,0.677220
11,-0.559110
7
4,-0.130340
0,-0.348182
11
10,-0.549384
12,0.848356
12
10,-0.453499
13,-0.081438
10
14,0.062992
1,-0.911598
1
15,0.674978
12,0.628214
2
16,-0.353368
17,-0.038425
11
18,-0.516673
16,-0.838415
19,