numInputs,2
numNodes,26
numOutputs,1
arity,2
functionSet,add,sub,mul,div,sq,sqrt,tanh,1,0,wire,sin,cos,min,max
5
1,0.697218
1,0.119652
0
0,0.860034
1,-0.797087
13
1,-0.442890
2,0.611871
5
3,-0.769219
0,-0.069249
9
5,-0.280257
0,0.662235
7
5,-0.274436
1,-0.147857
3
6,0.842623
5,0.388659
6
1,-0.673136
0,-0.187078
5
2,0.408149
1,-0.906517
6
1,-0.128859
7,0.302014
12
4,0.231118
0,-0.096424
5
10,-0.919032
7,-0.368503
1
12,0.755453
13,0.726780
2
6,0.657175
9,-0.425119
5
12,-0.216413
13,0.383055
7
4,0.592639
6,0.948863
12
14,0.834507
11,0.546317
0
17,0.578894
8,0.203737
11
18,0.206904
19,-0.108237
12
11,0.438049
15,-0.912663
3
20,0.151282
19,-0.187485
10
16,-0.483890
7,-0.358579
13
21,-0.032058
3,0.438376
2
24,-0.481873
22,0.380609
1
23,-0.050071
25,0.675791
11
26,0.132303
22,0.678587
27,