numInputs,2
numNodes,18
numOutputs,1
arity,2
functionSet,add,sub,mul,div,sq,sqrt,tanh,1,0,wire,sin,cos,min,max
9
0,0.428617
0,0.573049
10
0,-0.094957
2,-0.288580
10
3,-0.875745
2,-0.641815
9
2,0.469453
1,0.494512
0
5,0.152272
0,-0.805827
0
3,0.298770
1,0.515912
8
0,-0.097601
7,-0.101406
1
4,0.914200
8,0.341924
1
7,-0.669393
2,0.654841
7
7,0.578904
6,0.913284
2
10,-0.485764
11,-0.061394
0
6,-0.458529
1,-0.938413
13
12,-0.733179
12,-0.984961
2
9,-0.821324
13,-0.799494
4
14,0.417111
15,-0.710490
3
9,-0.489393
16,0.416922
12
17,-0.570263
15,-0.294918
10
18,-0.006049
16,0.406142
19,