numInputs,2
numNodes,24
numOutputs,1
arity,2
functionSet,add,sub,mul,div,sq,sqrt,tanh,1,0,wire,sin,cos,min,max
2
1,0.153185
0,0.346136
12
1,0.490487
2,0.792187
9
0,0.681387
2,0.511296
6
1,-0.131877
2,0.741363
13
3,-0.221971
5,-0.942896
11
1,0.625899
0,-0.677739
4
6,0.731840
7,-0.946194
6
4,0.850012
5,0.616337
4
4,-0.281236
7,-0.218755
10
2,0.574197
2,-0.607148
9
9,-0.854969
9,0.522515
2
12,-0.505184
10,-0.336186
6
1,0.126255
7,-0.865152
0
11,0.284637
2,0.434865
12
14,0.685917
7,0.120718
3
16,-0.798224
11,-0.027412
11
13,-0.135175
7,0.778764
12
15,-0.513510
10,0.746634
5
2,0.971864
15,0.218045
2
17,0.206140
19,0.814908
2
2,-0.693216
8,0.356567
2
21,-0.601714
22,-0.709344
13
18,0.640670
20,0.711836
12
24,-0.950379
23,0.391095
25,