numInputs,2
numNodes,27
numOutputs,1
arity,2
functionSet,add,sub,mul,div,sq,sqrt,tanh,1,0,wire,sin,cos,min,max
3
1,0.679560
1,0.611759
3
0,0.367640
0,-0.602833
11
0,-0.168038
0,0.552225
9
0,-0.761056
2,0.100930
2
5,0.879014
0,0.897393
11
5,0.265841
5,-0.546064
12
2,0.313237
7,-0.835534
8
0,-0.129604
8,-0.556312
11
1,0.855405
1,-0.990868
1
3,-0.743744
7,-0.154905
1
6,-0.507940
6,-0.384603
10
4,-0.428384
3,0.791673
1
10,0.923990
6,-0.220386
3
13,0.683740
10,0.993321
7
10,-0.974400
5,0.660537
12
16,-0.607799
14,0.308946
2
8,-0.971462
9,0.473962
9
15,0.255393
13,-0.536780
10
10,0.513788
9,-0.217527
12
18,-0.725947
4,0.105661
6
7,0.867523
12,-0.485761
6
19,0.396142
22,-0.524550
9
21,-0.118218
23,0.764827
1
17,0.617104
24,-0.435465
0
25,-0.879652
20,0.513958
3
11,0.128772
23,0.325224
13
27,0.180629
26,-0.218755
28,