numInputs,2
numNodes,18
numOutputs,1
arity,2
functionSet,add,sub,mul,div,sq,sqrt,tanh,1,0,wire,sin,cos,min,max
4
0,0.305765
0,0.904036
13
2,-0.091880
1,-0.561395
0
1,0.940282
0,-0.279186
0
0,-0.867480
2,0.333585
13
2,0.420844
5,-0.011449
0
6,-0.324542
3,-0.766401
3
2,-0.890569
4,0.943040
0
8,0.062261
7,-0.377599
13
1,-0.740127
8,-0.889551
1
10,-0.796727
5,-0.398180
11
11,-0.721391
6,0.115217
9
12,0.873876
11,-0.672177
10
13,0.326693
9,-0.393161
5
14,0.064739
14,0.705148
11
9,0.465866
14,0.367975
6
15,0.304553
16,-0.648648
7
17,0.488053
17,0.145647
0
17,-0.251530
18,-0.718386
19,