numInputs,2
numNodes,52
numOutputs,1
arity,2
functionSet,add,sub,mul,div,sq,sqrt,tanh,1,0,wire,sin,cos,min,max
8
0,-0.364220
0,-0.205768
4
0,-0.018663
2,-0.096781
2
1,-0.659474
0,0.769913
7
0,-0.313276
4,-0.464448
13
0,-0.164197
5,-0.492442
3
1,0.505043
1,0.858777
10
2,0.894062
3,0.993115
10
5,0.082157
4,0.455547
10
4,0.476390
5,0.684967
3
7,-0.563442
5,-0.836333
1
11,0.983278
0,-0.863871
4
4,-0.600231
1,-0.319606
12
9,0.894647
5,-0.800513
5
12,0.695191
5,-0.714275
9
6,0.481624
3,0.041666
5
0,-0.761840
16,0.449544
3
16,-0.072125
8,-0.725367
13
15,0.630405
17,-0.836532
10
9,-0.975592
17,0.464579
7
15,-0.128907
7,0.581876
8
12,-0.904463
16,-0.753909
12
22,0.791887
21,-0.031176
12
20,-0.054605
10,0.741985
2
10,0.399765
3,-0.596926
9
16,0.426701
12,0.815644
8
22,-0.759107
10,-0.349530
2
14,-0.181443
0,-0.224687
3
27,-0.683941
18,0.509378
8
21,-0.951352
17,0.684395
10
3,-0.075593
21,0.181968
10
23,0.161196
13,-0.703695
9
30,0.971184
17,0.765244
9
29,-0.275220
30,0.033964
1
8,-0.890003
15,0.109270
1
11,0.642945
26,-0.140676
1
30,0.558275
32,-0.233903
2
31,0.716353
36,0.447686
3
37,-0.020923
35,-0.291947
2
24,-0.595076
34,-0.926106
1
33,0.321068
19,0.839656
11
38,-0.133241
33,-0.886847
12
39,-0.599256
38,-0.358174
0
40,-0.233027
43,-0.998364
12
44,0.601323
41,0.911037
2
42,-0.100567
13,0.739198
2
45,0.525453
25,0.792666
4
17,0.161835
39,-0.146328
9
46,-0.055450
22,0.410232
6
47,0.852074
32,0.493296
3
28,0.949691
50,-0.870069
2
49,-0.137252
51,-0.936626
1
48,0.361225
52,-0.549327
53,