numInputs,2
numNodes,33
numOutputs,1
arity,2
functionSet,add,sub,mul,div,sq,sqrt,tanh,1,0,wire,sin,cos,min,max
13
1,-0.831283
1,-0.628351
0
0,-0.094648
1,0.678928
13
0,-0.042889
3,0.505713
10
1,-0.653534
0,-0.534193
4
4,-0.595876
5,0.484375
1
3,0.992726
5,0.838967
5
7,0.686433
6,-0.922571
5
0,0.505747
3,0.884942
10
4,0.999306
9,-0.464781
13
3,0.985056
6,-0.050576
12
4,0.819168
10,-0.396670
6
12,-0.070874
1,0.498846
2
11,-0.207990
4,0.503419
12
2,0.808346
3,0.176750
4
11,0.999673
15,0.568847
2
11,0.385106
5,0.398829
12
15,-0.363738
9,-0.094407
3
18,-0.308142
17,0.901438
4
8,-0.788902
15,-0.567474
5
14,-0.990314
20,0.945107
11
6,-0.679475
5,-0.613871
1
13,0.707505
8,-0.114275
9
22,0.044822
23,0.377384
8
6,-0.778219
24,0.048601
11
21,-0.634638
15,-0.998759
13
20,-0.103295
16,-0.371268
4
19,0.233370
20,-0.219365
5
28,0.407562
15,0.793830
12
24,0.957906
25,0.199745
13
23,-0.957113
29,-0.965344
2
30,0.099954
27,-0.482062
13
32,0.981366
26,0.549734
1
31,-0.908187
33,-0.424327
34,