numInputs,2
numNodes,17
numOutputs,1
arity,2
functionSet,add,sub,mul,div,sq,sqrt,tanh,1,0,wire,sin,cos,min,max
6
0,-0.133681
1,0.664556
6
0,-0.691374
2,-0.172844
13
1,0.396095
0,0.709195
10
0,0.094246
2,-0.937334
4
4,-0.439982
5,-0.617391
5
5,0.382411
0,-0.194203
1
1,-0.455612
1,0.304900
2
6,-0.969024
0,0.709821
2
8,-0.510461
3,-0.724801
6
2,-0.396001
5,-0.363221
0
7,-0.722646
8,-0.128620
3
1,-0.876595
9,-0.924608
1
3,-0.650662
5,0.336777
6
12,0.269294
14,-0.366328
3
15,0.022053
11,-0.969398
13
10,-0.186194
13,-0.828361
3
17,0.232318
16,-0.674527
18,