numInputs,2
numNodes,16
numOutputs,1
arity,2
functionSet,add,sub,mul,div,sq,sqrt,tanh,1,0,wire,sin,cos,min,max
0
1,-0.255092
0,-0.028838
1
2,0.349436
0,0.326467
6
3,0.796354
3,-0.964093
3
0,-0.456317
4,-0.480664
8
4,-0.710902
0,0.507536
1
3,0.283945
0,-0.941102
12
6,0.453986
5,0.646613
6
8,0.335412
7,0.870401
12
1,-0.730249
1,-0.085528
3
3,-0.431768
9,0.847693
4
2,0.447398
4,0.032783
10
7,0.227028
12,0.672362
13
11,0.715828
10,0.955299
2
12,0.189365
14,-0.590736
1
13,0.600067
15,-0.499812
10
16,0.084783
16,-0.850482
17,