numInputs,2
numNodes,21
numOutputs,1
arity,2
functionSet,add,sub,mul,div,sq,sqrt,tanh,1,0,wire,sin,cos,min,max
4
1,0.848071
1,-0.839179
0
1,0.880114
2,0.806521
6
1,-0.736878
1,-0.172730
0
1,-0.539919
3,0.414929
11
1,0.281239
0,-0.545149
3
0,0.122366
5,0.085225
4
3,-0.486438
0,-0.050456
1
7,-0.496088
1,0.674853
5
0,-0.331173
0,-0.845428
4
8,0.099313
2,0.901952
1
1,-0.626941
6,-0.254663
3
10,-0.043402
5,0.916851
13
4,-0.527983
11,0.716428
2
1,0.841207
14,-0.856147
2
9,0.314743
12,0.141244
4
15,-0.268177
16,-0.962187
11
13,0.495311
6,0.168256
1
16,0.269500
17,-0.383702
2
8,-0.688820
18,0.330001
10
20,-0.287288
18,-0.858947
13
19,-0.882620
21,-0.220617
22,