numInputs,2
numNodes,16
numOutputs,1
arity,2
functionSet,add,sub,mul,div,sq,sqrt,tanh,1,0,wire,sin,cos,min,max
0
0,0.877325
0,0.314216
13
1,0.369846
1,0.900339
5
0,0.837995
0,-0.033562
2
1,0.643754
3,-0.116952
9
3,0.939673
3,-0.078556
5
5,-0.705976
1,0.291462
3
2,0.157532
6,0.398899
2
2,0.562905
4,-0.976087
13
7,0.187634
9,-0.828517
1
7,-0.502782
8,-0.613452
1
0,-0.265174
2,-0.113644
9
10,0.695324
8,-0.795753
3
13,-0.410397
11,0.531609
12
12,-0.446928
6,0.964235
11
14,-0.700094
14,0.011736
13
15,0.946232
16,-0.598645
17,