numInputs,2
numNodes,28
numOutputs,1
arity,2
functionSet,add,sub,mul,div,sq,sqrt,tanh,1,0,wire,sin,cos,min,max
2
0,0.334233
0,0.659764
4
0,-0.837328
0,0.834181
9
1,-0.034866
1,-0.699448
9
4,0.812396
0,-0.213536
8
0,0.330872
1,-0.451150
11
0,0.942644
6,0.191476
12
0,-0.098750
5,-0.647344
10
5,-0.432706
8,0.395544
10
7,-0.736450
3,0.210444
0
3,-0.009618
6,-0.286446
12
0,-0.510731
2,-0.369327
3
8,-0.330258
10,0.467078
1
9,0.901921
0,-0.781474
1
0,-0.151542
4,0.885458
3
14,0.759946
10,0.833049
9
11,-0.621184
16,-0.377318
2
0,-0.198130
12,-0.642403
3
17,0.891741
15,0.165757
2
19,0.442990
17,0.543826
13
1,0.567348
5,0.559379
13
8,-0.196967
21,0.846471
9
13,-0.102873
5,-0.626403
12
22,0.286410
16,0.910305
5
20,0.837386
20,0.768661
13
20,-0.158265
18,0.255533
0
23,-0.442538
24,0.378398
0
25,-0.484482
26,0.216266
12
28,0.398972
27,-0.806930
29,