numInputs,2
numNodes,24
numOutputs,1
arity,2
functionSet,add,sub,mul,div,sq,sqrt,tanh,1,0,wire,sin,cos,min,max
4
0,-0.783927
1,-0.107787
4
0,0.432274
0,0.893692
3
0,0.155590
1,0.413192
3
4,0.550155
3,-0.361974
9
4,-0.970821
3,-0.836155
0
3,0.308223
6,-0.855757
11
2,0.560068
6,0.132859
10
6,-0.864091
5,-0.907187
6
8,0.190523
6,-0.916117
0
5,-0.821201
8,0.700792
7
5,0.394644
11,-0.681882
9
7,0.765778
1,0.147736
12
12,-0.712212
10,-0.695051
7
7,0.824477
11,-0.576772
0
14,-0.729208
9,-0.875658
2
11,0.458766
16,0.100836
13
15,-0.203262
1,0.976019
8
18,-0.367777
15,0.700177
0
19,-0.053800
13,0.718090
2
17,0.540264
20,0.897519
7
5,0.832317
20,-0.931023
9
22,0.254230
15,-0.793102
6
18,0.892462
21,0.205724
6
24,-0.954383
23,-0.959654
25,