numInputs,2
numNodes,24
numOutputs,1
arity,2
functionSet,add,sub,mul,div,sq,sqrt,tanh,1,0,wire,sin,cos,min,max
5
0,-0.360801
0,-0.767567
3
0,0.606322
2,-0.278811
6
2,-0.555423
3,-0.655831
2
4,0.494393
1,-0.075829
13
2,-0.891625
5,-0.371283
0
6,-0.430758
1,-0.453015
10
2,-0.419821
0,0.599544
8
8,0.325296
6,-0.098776
12
2,0.845500
7,-0.257911
6
8,-0.769543
1,-0.122705
3
5,0.951126
10,0.039808
1
12,-0.579344
2,0.691044
6
4,0.357358
3,-0.370402
11
14,-0.108070
14,-0.918136
3
9,0.721111
13,0.063599
1
13,0.209822
0,0.617264
0
15,-0.593481
11,-0.817010
5
16,-0.244600
17,0.196564
11
18,-0.237985
19,0.526102
11
20,-0.179990
17,-0.458532
9
19,-0.713049
17,-0.482959
13
21,0.312812
22,0.736627
2
17,0.886673
23,-0.793961
11
24,0.305022
5,-0.752582
25,