numInputs,2
numNodes,19
numOutputs,1
arity,2
functionSet,add,sub,mul,div,sq,sqrt,tanh,1,0,wire,sin,cos,min,max
1
1,0.615865
0,0.360236
6
2,0.241787
0,-0.582727
4
3,-0.612508
1,-0.751151
11
3,0.317642
4,-0.936482
2
3,0.433502
3,-0.817115
11
6,0.715973
1,0.519651
6
4,0.213821
2,-0.514444
4
4,0.050628
2,0.063691
3
4,0.269717
6,-0.644843
2
7,-0.919488
8,-0.233295
7
11,0.804232
4,-0.069255
11
10,-0.515639
11,0.857049
1
11,-0.799820
5,0.834810
6
8,-0.120447
12,-0.631026
11
14,-0.107696
7,0.318316
9
16,0.353723
15,0.194054
0
15,-0.417864
9,0.963933
12
13,-0.209965
18,-0.586211
12
17,-0.685759
19,0.906702
20,