numInputs,2
numNodes,18
numOutputs,1
arity,2
functionSet,add,sub,mul,div,sq,sqrt,tanh,1,0,wire,sin,cos,min,max
7
0,-0.792179
0,0.262237
10
0,0.146114
2,0.233328
4
0,0.727395
2,-0.186691
1
2,0.103737
4,0.633604
3
4,-0.598578
5,-0.204546
1
6,-0.121582
1,0.934531
4
6,0.136287
2,0.092260
5
5,-0.769091
7,0.436153
0
7,-0.820456
9,-0.944623
6
10,0.186503
0,0.357783
1
3,-0.636837
11,0.494134
3
2,-0.241621
8,0.648802
4
7,-0.467834
2,0.578339
11
14,-0.480776
14,-0.356030
9
12,-0.849359
6,0.372465
9
13,0.756305
4,0.923679
6
15,-0.875700
17,-0.231995
0
18,-0.705093
16,0.772908
19,