numInputs,2
numNodes,20
numOutputs,1
arity,2
functionSet,add,sub,mul,div,sq,sqrt,tanh,1,0,wire,sin,cos,min,max
1
0,-0.161686
1,0.624781
3
2,0.139875
2,-0.312680
1
1,0.687241
2,-0.111077
3
0,-0.014357
4,0.826520
8
1,0.628750
0,0.856183
13
1,-0.171495
5,-0.010454
6
2,-0.186750
3,0.573051
6
3,0.623350
7,-0.466949
3
8,0.627475
9,0.757159
0
6,-0.945965
8,-0.456719
1
10,0.680876
5,-0.895073
8
3,0.191516
7,-0.261986
3
0,-0.028703
12,-0.612967
5
11,-0.228309
5,0.510087
2
12,-0.377628
15,-0.628418
4
13,-0.748036
16,-0.879908
5
14,0.507335
11,-0.372683
6
16,-0.480988
17,0.343695
10
18,0.593316
19,0.132319
6
20,-0.944712
19,-0.161215
21,