numInputs,2
numNodes,16
numOutputs,1
arity,2
functionSet,add,sub,mul,div,sq,sqrt,tanh,1,0,wire,sin,cos,min,max
0
0,-0.798536
1,-0.534278
2
0,0.714805
2,-0.548133
11
3,0.947823
2,0.348890
7
0,-0.420986
4,-0.525597
4
0,-0.432937
4,0.761951
5
2,-0.536813
5,-0.122602
10
7,0.463987
5,-0.404616
1
6,-0.004899
5,0.402402
10
9,0.542537
0,-0.302439
9
4,0.227903
0,0.589011
2
2,0.464891
11,-0.616285
2
11,-0.062083
6,-0.469947
12
10,0.158766
12,-0.567375
10
8,0.404270
2,0.887235
2
14,0.071120
13,0.981171
2
15,0.959524
16,0.822324
17,