numInputs,2
numNodes,19
numOutputs,1
arity,2
functionSet,add,sub,mul,div,sq,sqrt,tanh,1,0,wire,sin,cos,min,max
3
1,0.478910
0,-0.748102
3
1,0.017701
0,0.889414
4
3,-0.927170
0,0.740974
3
4,-0.660258
1,-0.636651
10
4,-0.876991
3,0.392591
11
2,-0.525020
3,0.363397
6
0,0.578994
5,-0.680158
2
6,-0.552756
7,0.926751
7
9,-0.107671
3,0.933385
2
4,0.759263
9,0.854822
12
10,0.361497
11,0.573637
0
3,-0.476888
2,0.872968
9
3,0.242034
13,-0.007449
0
12,-0.008918
3,-0.981171
6
8,0.977654
15,0.175678
10
13,0.890243
10,-0.511113
1
4,-0.120102
14,0.359733
12
18,0.453870
16,0.300215
0
19,0.543180
17,-0.977351
20,