numInputs,2
numNodes,24
numOutputs,1
arity,2
functionSet,add,sub,mul,div,sq,sqrt,tanh,1,0,wire,sin,cos,min,max
9
0,-0.571274
1,-0.215974
0
2,0.086973
0,0.504524
2
1,-0.232110
1,-0.913154
13
0,-0.003604
4,0.627788
9
4,0.929814
4,-0.215374
7
6,-0.834631
3,0.899074
3
3,-0.448047
7,-0.868472
2
4,0.714297
5,-0.892733
5
8,-0.405749
8,0.508034
12
0,0.223847
1,-0.951227
3
4,0.623693
10,0.376637
1
10,-0.978210
4,-0.671111
4
6,0.573114
4,0.386915
2
11,-0.287643
9,-0.621294
8
15,0.153319
14,-0.135100
3
15,0.385262
14,-0.034761
4
13,0.412416
14,-0.022653
11
12,0.291396
16,-0.956820
6
17,-0.825984
0,0.339318
12
19,-0.013227
20,-0.257351
11
12,0.797282
21,0.788151
2
18,0.302820
21,-0.844809
6
23,-0.025580
22,-0.181432
13
16,-0.484813
24,-0.650841
25,