numInputs,2
numNodes,20
numOutputs,1
arity,2
functionSet,add,sub,mul,div,sq,sqrt,tanh,1,0,wire,sin,cos,min,max
7
0,0.844569
0,-0.385568
2
1,0.889565
1,0.366499
9
0,-0.316475
3,0.796713
3
2,0.161384
3,0.742909
9
2,0.985309
4,0.054735
9
4,-0.136714
6,0.703979
0
7,-0.938201
3,-0.258564
0
8,-0.245506
2,-0.116827
4
8,0.602656
1,0.251940
1
1,-0.509764
9,0.173810
2
10,0.271516
11,-0.710387
2
12,-0.995302
9,-0.045731
2
10,-0.013934
13,0.569917
11
7,0.695173
3,-0.382886
0
14,0.580003
14,-0.535495
6
6,-0.262574
15,0.614389
3
16,-0.702953
17,0.800845
5
8,0.501438
15,0.874703
3
18,-0.200278
5,-0.697087
0
19,-0.752252
20,0.886188
21,