numInputs,2
numNodes,17
numOutputs,1
arity,2
functionSet,add,sub,mul,div,sq,sqrt,tanh,1,0,wire,sin,cos,min,max
7
0,0.516756
0,-0.460661
2
1,-0.326558
1,0.186524
11
1,-0.479575
2,-0.946885
5
4,0.420095
4,0.204068
2
5,0.069632
0,0.782891
6
1,-0.232788
5,-0.498755
0
6,-0.622333
7,-0.247926
0
7,-0.819530
8,-0.987379
0
3,0.550216
0,0.230238
10
6,-0.905731
8,0.683389
3
11,-0.661988
4,-0.892916
6
9,-0.047948
2,0.931924
11
10,-0.095444
3,0.535033
13
13,0.192393
14,0.857986
10
15,-0.088949
3,0.346504
1
12,-0.343164
16,0.621543
2
17,-0.767633
10,-0.649521
18,