numInputs,2
numNodes,17
numOutputs,1
arity,2
functionSet,add,sub,mul,div,sq,sqrt,tanh,1,0,wire,sin,cos,min,max
2
1,0.400668
0,0.471333
1
2,-0.003610
2,-0.589417
11
3,-0.927266
2,-0.612063
11
4,-0.531413
4,0.876278
2
5,-0.023572
1,-0.449569
12
5,-0.521772
2,-0.768124
2
7,-0.808799
2,0.507235
8
6,0.817708
7,0.530704
9
9,0.880239
7,-0.638757
10
8,-0.617335
6,-0.627476
12
7,-0.802950
11,0.389313
1
7,0.842616
12,0.581991
11
10,-0.409049
13,0.355279
12
6,0.583369
13,0.906313
0
15,0.357612
14,0.218917
10
16,0.263219
12,0.060058
10
17,-0.350502
17,-0.557529
18,