numInputs,2
numNodes,23
numOutputs,1
arity,2
functionSet,add,sub,mul,div,sq,sqrt,tanh,1,0,wire,sin,cos,min,max
12
0,0.662454
1,-0.603777
11
2,0.124495
1,0.237715
10
2,-0.774826
0,0.280108
5
2,0.464608
1,0.194285
11
0,-0.731078
3,-0.386154
6
3,-0.673953
5,-0.116658
4
0,-0.618012
0,0.940120
4
0,-0.145002
1,0.176726
3
6,0.925826
3,0.478377
12
8,-0.984255
1,0.172269
7
11,0.753331
0,-0.921581
12
11,0.526381
8,-0.246133
1
12,0.840594
11,-0.409203
7
3,-0.318676
5,-0.719255
12
9,0.558817
10,0.486415
3
13,-0.559309
7,0.813247
12
15,0.984567
14,-0.885779
1
16,0.294791
5,0.392529
12
9,0.768902
17,-0.674496
10
4,0.462981
20,-0.442532
2
21,-0.863343
20,0.913532
12
18,0.969306
19,-0.185506
0
22,-0.468991
23,-0.887034
24,