numInputs,2
numNodes,16
numOutputs,1
arity,2
functionSet,add,sub,mul,div,sq,sqrt,tanh,1,0,wire,sin,cos,min,max
4
0,0.398887
0,0.450314
4
2,0.658427
1,0.037645
5
3,-0.547437
0,-0.333520
8
0,-0.501495
0,0.580664
1
5,0.732436
1,0.110723
11
4,-0.457853
5,0.894139
10
7,-0.800608
7,0.375281
9
6,-0.415545
7,-0.258437
3
2,0.063705
9,-0.699660
6
10,-0.556037
6,0.795802
10
11,-0.541085
10,0.478952
5
8,-0.723658
11,0.723403
6
11,0.665062
12,0.561110
12
14,0.489045
13,-0.030814
11
15,-0.409316
7,-0.786145
0
16,0.124430
12,0.813316
17,