numInputs,2
numNodes,25
numOutputs,1
arity,2
functionSet,add,sub,mul,div,sq,sqrt,tanh,1,0,wire,sin,cos,min,max
9
0,-0.603888
1,-0.193054
9
0,-0.514341
0,-0.260984
13
1,0.739930
2,-0.731645
13
4,0.293720
1,0.756603
13
4,0.344772
3,-0.237225
0
1,-0.801238
1,-0.888017
13
6,-0.298182
1,0.364571
5
6,-0.772386
5,0.422872
13
9,-0.034150
7,-0.921917
3
10,0.118556
9,0.654757
6
11,-0.250829
5,0.022453
11
4,-0.040396
9,-0.338606
1
13,-0.468692
8,0.202611
7
9,-0.586404
14,-0.008899
3
10,-0.009372
11,-0.886290
2
13,0.247735
16,-0.211009
10
5,0.341080
15,0.869821
11
15,-0.348644
13,-0.836401
4
19,-0.288155
19,0.289155
3
17,-0.157866
11,0.840395
1
20,-0.951409
18,0.711914
1
22,0.999177
12,-0.753272
3
23,-0.874006
21,-0.969640
3
3,-0.229715
24,0.420628
6
14,0.653757
25,0.175199
26,