numInputs,2
numNodes,17
numOutputs,1
arity,2
functionSet,add,sub,mul,div,sq,sqrt,tanh,1,0,wire,sin,cos,min,max
11
0,-0.533994
0,-0.547536
5
0,0.730401
2,-0.422679
6
2,-0.002941
2,-0.853770
4
1,-0.420382
2,0.163349
5
0,-0.038662
3,0.308482
13
3,0.182427
6,0.401083
3
5,-0.038805
6,0.755172
7
5,0.915107
4,0.889138
6
1,0.938327
7,0.556565
8
9,-0.353123
8,0.327540
10
9,0.412507
11,-0.608974
2
12,-0.986740
8,0.205892
0
11,0.116054
4,-0.890653
10
14,0.189051
11,-0.640008
13
13,0.155825
15,-0.221770
10
16,-0.080254
8,-0.231203
6
10,0.934264
17,-0.424638
18,