numInputs,2
numNodes,26
numOutputs,1
arity,2
functionSet,add,sub,mul,div,sq,sqrt,tanh,1,0,wire,sin,cos,min,max
11
1,-0.283632
0,-0.181098
5
0,0.588738
2,0.798592
3
1,-0.696504
2,0.022589
5
4,0.785237
4,-0.379211
4
4,0.313884
0,-0.829338
8
0,0.773973
6,-0.985250
7
1,-0.697135
6,-0.039258
12
5,-0.483732
0,0.541450
11
3,0.238867
3,-0.120240
9
6,-0.352485
7,0.276321
4
4,-0.567141
0,-0.701908
6
7,-0.368437
12,-0.535289
2
12,0.316451
10,-0.062825
6
2,0.159331
3,-0.676834
1
13,-0.625605
3,-0.196541
10
1,0.292310
6,0.070094
11
9,0.277301
17,-0.069769
13
16,-0.669899
17,0.393715
0
15,-0.328636
19,0.595313
8
20,-0.973448
20,0.740389
1
21,0.137705
14,-0.041426
2
22,0.248355
11,-0.752199
0
8,-0.382618
20,-0.578241
1
18,0.224018
24,-0.037138
4
25,-0.452359
21,0.488395
2
23,0.216378
26,-0.107971
27,