numInputs,2
numNodes,23
numOutputs,1
arity,2
functionSet,add,sub,mul,div,sq,sqrt,tanh,1,0,wire,sin,cos,min,max
2
1,0.830676
1,0.183092
13
2,-0.033090
0,-0.083664
5
3,0.384096
1,0.083578
10
0,-0.576978
4,-0.781830
2
0,0.470462
0,-0.756947
1
6,-0.036994
2,0.968728
4
1,0.581025
4,0.034153
11
4,-0.956650
1,-0.315051
1
3,-0.203663
7,-0.128708
11
9,-0.757393
8,-0.129428
11
8,0.197134
2,-0.890146
8
8,-0.907455
7,-0.502897
0
13,-0.808576
7,0.428539
1
5,-0.400064
11,-0.971967
8
9,-0.507683
10,-0.659196
9
15,-0.341755
13,-0.069377
1
10,0.001141
16,0.803788
12
1,-0.098771
17,-0.891031
0
18,0.224519
19,-0.154211
3
14,0.656063
2,0.287140
3
8,0.339909
20,-0.856912
6
12,-0.944276
21,-0.294944
1
23,-0.581166
22,0.806984
24,