numInputs,2
numNodes,19
numOutputs,1
arity,2
functionSet,add,sub,mul,div,sq,sqrt,tanh,1,0,wire,sin,cos,min,max
13
0,0.837072
1,-0.354443
8
0,0.540995
1,-0.355460
6
3,-0.222330
1,0.566793
6
4,0.811390
0,0.119734
12
0,-0.280699
2,0.533027
0
3,0.289586
2,0.196348
13
4,-0.234825
2,-0.799276
1
0,0.644743
8,0.199607
12
1,-0.878918
6,-0.179762
3
9,0.813421
10,-0.216222
5
10,-0.798039
10,-0.169140
9
2,-0.964322
5,-0.656764
12
8,-0.274805
12,-0.617244
3
11,0.304743
5,-0.000059
13
7,0.955298
13,-0.515339
3
14,-0.205607
16,0.908543
6
15,0.599765
17,0.696670
3
10,0.938288
18,0.557040
4
19,0.068725
19,-0.878463
20,