numInputs,2
numNodes,15
numOutputs,1
arity,2
functionSet,add,sub,mul,div,sq,sqrt,tanh,1,0,wire,sin,cos,min,max
11
1,0.675788
0,-0.361892
1
0,-0.380109
2,-0.332551
9
1,-0.686436
1,0.829283
5
0,0.602754
2,0.433303
5
5,-0.556942
4,0.822436
3
3,-0.729633
4,-0.494277
1
4,-0.534804
5,0.774136
13
7,0.246642
8,0.833126
12
1,0.881644
6,0.657713
13
10,0.613903
9,-0.185723
12
10,0.592378
11,0.397381
10
12,0.184986
12,0.212815
2
13,0.251187
9,0.364799
1
14,0.938788
12,-0.702815
10
15,0.620483
13,0.636089
16,