numInputs,2
numNodes,20
numOutputs,1
arity,2
functionSet,add,sub,mul,div,sq,sqrt,tanh,1,0,wire,sin,cos,min,max
0
0,0.654705
0,-0.251406
6
0,0.728190
1,-0.343396
4
3,-0.925791
0,0.968572
7
0,0.927538
3,0.523752
5
2,0.057970
1,0.738563
10
6,0.849901
6,0.070553
12
0,0.454559
4,-0.240358
5
5,0.138278
4,-0.500912
6
3,0.433768
4,-0.207655
2
10,-0.680438
7,-0.021964
10
4,-0.449317
11,0.282788
0
12,-0.025436
11,-0.744046
3
10,0.565962
9,-0.032553
8
0,-0.143100
14,-0.126148
12
5,-0.034223
13,-0.870202
0
11,-0.098268
16,-0.298257
10
15,-0.877027
7,-0.399903
3
14,0.917688
18,-0.648251
1
17,0.350511
8,0.997790
12
20,-0.467860
19,0.391961
21,