numInputs,2
numNodes,27
numOutputs,1
arity,2
functionSet,add,sub,mul,div,sq,sqrt,tanh,1,0,wire,sin,cos,min,max
6
0,-0.982139
1,0.898674
1
0,0.658404
2,-0.990323
10
3,-0.325009
2,-0.458097
10
4,-0.480015
3,-0.088376
13
5,-0.588650
5,0.324461
2
0,-0.661798
1,-0.081119
3
2,-0.867374
6,-0.955874
7
3,-0.968639
8,-0.265222
4
9,0.442765
5,0.162343
12
0,0.789686
3,0.183192
12
7,-0.083636
10,0.996353
7
3,0.686265
10,-0.873997
12
8,-0.160763
11,0.330950
4
0,0.548345
13,-0.716163
9
2,0.717727
2,0.190363
0
12,-0.290083
13,-0.745867
12
11,-0.400768
15,0.599331
12
18,0.820489
17,0.179585
12
14,0.261810
12,-0.916949
2
7,-0.365258
19,-0.330151
2
21,0.788419
7,-0.618291
5
22,-0.273603
17,-0.987207
1
16,-0.106192
20,0.797685
3
23,-0.537200
24,0.404270
8
25,0.166855
25,0.317573
1
25,0.855817
3,0.642008
12
27,-0.703819
26,0.185835
28,