numInputs,2
numNodes,15
numOutputs,1
arity,2
functionSet,add,sub,mul,div,sq,sqrt,tanh,1,0,wire,sin,cos,min,max
0
1,0.893545
0,-0.821909
5
2,-0.487317
2,0.694339
3
2,-0.639268
1,0.071884
6
3,0.400912
2,0.579348
13
5,0.639782
4,-0.986182
9
6,-0.411647
6,0.638345
2
5,-0.544625
2,0.910766
0
8,-0.862542
1,0.840294
0
7,0.393120
4,-0.050870
12
9,-0.695357
10,-0.482363
2
3,-0.839420
10,-0.300690
11
12,-0.756325
12,-0.912671
4
13,0.086013
11,0.811966
1
14,0.757991
11,-0.958100
0
11,-0.253769
15,-0.180500
16,