numInputs,2
numNodes,15
numOutputs,1
arity,2
functionSet,add,sub,mul,div,sq,sqrt,tanh,1,0,wire,sin,cos,min,max
0
0,0.487121
1,0.214751
5
0,0.075044
0,0.060500
10
1,0.194753
0,0.231411
4
2,-0.476785
4,-0.480779
9
3,-0.660463
0,0.645735
3
0,0.249174
4,-0.838427
4
7,0.764813
2,-0.437361
3
5,-0.982071
1,-0.458856
12
8,0.940719
2,-0.930220
3
9,-0.214399
10,-0.435603
2
5,-0.092241
10,0.858462
12
6,-0.338463
11,0.909187
0
12,0.509808
13,0.663918
10
14,0.851780
13,-0.857933
5
15,0.783545
13,0.034270
16,