numInputs,2
numNodes,25
numOutputs,1
arity,2
functionSet,add,sub,mul,div,sq,sqrt,tanh,1,0,wire,sin,cos,min,max
6
0,-0.789532
0,-0.189751
6
2,-0.174966
2,0.587173
6
3,0.786950
0,0.906965
0
0,0.721514
4,-0.406516
3
0,0.050456
5,0.011990
5
3,0.811364
5,-0.931919
2
2,-0.828376
2,-0.825402
3
8,0.676243
5,-0.058704
1
9,-0.710571
7,0.738976
0
9,-0.062108
2,-0.513736
0
2,-0.783593
9,0.390234
0
6,0.198274
12,0.450408
2
1,-0.808383
11,0.723618
0
6,0.591871
13,-0.016839
8
11,-0.842258
15,0.108038
9
15,-0.793356
6,-0.556746
2
14,-0.726521
3,-0.357351
5
5,0.417603
18,0.155121
5
10,-0.262600
10,0.701592
0
16,0.169032
19,-0.998591
1
21,0.964373
17,-0.575220
0
20,-0.635722
7,-0.845838
1
18,-0.419139
23,-0.191317
1
22,0.321594
24,-0.381232
11
25,-0.041044
4,0.564323
26,