numInputs,2
numNodes,18
numOutputs,1
arity,2
functionSet,add,sub,mul,div,sq,sqrt,tanh,1,0,wire,sin,cos,min,max
11
1,0.399872
0,-0.399768
0
0,-0.879882
1,-0.852890
4
0,-0.887356
2,0.536007
2
0,0.595285
2,-0.772568
12
4,-0.735104
1,-0.481656
13
5,-0.325833
1,0.682780
3
2,0.507499
7,-0.126070
7
1,-0.851904
1,-0.893391
2
7,0.524824
8,0.177916
1
4,0.995422
6,-0.221001
12
9,-0.719885
3,-0.040901
10
12,0.879152
12,0.231283
4
10,0.481021
11,0.920990
6
14,0.006289
11,0.402061
5
13,0.818960
0,0.891288
3
16,-0.331783
15,-0.808966
10
17,-0.478848
14,-0.080950
4
18,-0.502323
15,0.104341
19,