numInputs,2
numNodes,21
numOutputs,1
arity,2
functionSet,add,sub,mul,div,sq,sqrt,tanh,1,0,wire,sin,cos,min,max
4
1,-0.965035
1,0.876818
0
2,-0.854343
1,0.052663
13
0,-0.822028
2,0.783684
12
2,0.547770
0,-0.012103
4
0,-0.401140
0,0.968919
13
5,-0.052946
6,-0.825910
10
3,-0.852839
3,0.489225
11
5,-0.829686
3,-0.699357
4
4,0.244356
8,0.976220
0
8,0.560087
9,-0.818703
5
10,0.298388
10,-0.658757
2
9,0.973213
7,-0.835689
11
11,-0.269931
10,-0.083272
2
10,-0.364053
14,-0.421899
12
15,0.879436
12,-0.566453
4
1,-0.963021
13,-0.535356
9
16,0.912307
17,0.827773
13
18,-0.222376
13,0.470133
12
17,-0.627169
19,-0.664039
11
15,-0.859039
19,0.715361
2
20,-0.264284
21,0.948186
22,