numInputs,2
numNodes,21
numOutputs,1
arity,2
functionSet,add,sub,mul,div,sq,sqrt,tanh,1,0,wire,sin,cos,min,max
4
0,-0.924940
1,-0.428587
11
1,-0.133506
2,0.204115
6
0,-0.074201
2,-0.221431
4
2,0.260140
3,0.205971
9
5,0.716450
0,0.152274
6
6,-0.061403
2,0.258547
9
4,0.899747
5,-0.010722
11
3,-0.198700
8,-0.483066
6
0,-0.731206
9,-0.324532
0
4,0.526981
9,-0.102718
13
8,0.880627
2,0.605686
2
12,0.903036
11,-0.962669
0
7,0.281303
13,-0.641777
7
14,0.620211
6,0.484907
10
14,0.391544
13,-0.859453
3
10,0.115951
1,0.823894
5
15,0.396681
17,0.746728
12
18,0.676520
16,0.336127
5
19,0.951191
17,0.502685
4
20,0.735255
17,-0.814871
6
21,-0.908327
17,0.821413
22,