numInputs,2
numNodes,21
numOutputs,1
arity,2
functionSet,add,sub,mul,div,sq,sqrt,tanh,1,0,wire,sin,cos,min,max
6
0,0.313587
0,-0.357531
0
2,-0.689124
0,-0.411483
5
1,0.338544
1,-0.419965
10
1,-0.198724
1,-0.573491
7
3,-0.448358
5,-0.550728
0
4,-0.481287
5,0.368220
2
3,-0.380958
1,-0.859415
11
7,0.421581
0,-0.586294
6
0,0.828709
0,-0.539162
10
8,0.892752
6,-0.732049
9
3,0.789913
11,-0.981079
2
12,-0.032561
4,0.886931
9
11,0.654500
5,0.117548
4
6,0.514394
4,0.084111
4
13,-0.728079
13,-0.167700
1
16,-0.354792
15,-0.259770
6
9,0.985234
14,-0.845426
0
10,-0.836931
18,-0.509831
4
19,-0.443238
6,-0.506362
11
17,-0.993319
9,0.237393
2
20,0.702069
21,-0.386075
22,