numInputs,2
numNodes,24
numOutputs,1
arity,2
functionSet,add,sub,mul,div,sq,sqrt,tanh,1,0,wire,sin,cos,min,max
9
0,0.704521
1,0.499738
0
2,0.725500
2,-0.742031
3
1,-0.986792
2,0.388793
6
3,0.012269
4,-0.035912
4
0,-0.232361
3,-0.359308
10
6,0.711768
6,0.250954
11
5,-0.523014
7,-0.521013
5
1,-0.577578
0,-0.056029
3
5,-0.754356
7,-0.104178
8
10,-0.497987
10,0.070676
11
2,-0.432650
6,-0.580798
3
3,-0.354000
10,-0.168494
12
7,0.701161
9,-0.218962
0
2,0.120026
11,0.506835
2
8,0.191410
15,-0.470934
0
3,-0.927696
6,0.449055
11
16,-0.566882
13,0.126609
2
17,-0.382374
6,0.131141
11
18,-0.172628
14,0.447933
2
14,0.411918
12,-0.904494
4
21,-0.778932
17,0.906219
2
22,0.589864
19,-0.139837
12
13,-0.582942
23,-0.899470
1
24,-0.019279
20,-0.409344
25,