numInputs,2
numNodes,18
numOutputs,1
arity,2
functionSet,add,sub,mul,div,sq,sqrt,tanh,1,0,wire,sin,cos,min,max
0
0,0.845221
1,-0.150101
13
1,-0.882160
2,-0.036256
10
3,-0.789941
0,0.604962
7
3,-0.729502
0,-0.441170
4
2,-0.243184
5,0.947730
11
6,0.476621
6,-0.530237
12
6,-0.664031
2,-0.531020
11
5,0.638795
7,-0.725407
2
0,0.142152
9,-0.040623
11
4,-0.372640
3,-0.818112
4
10,0.986918
0,-0.342191
0
11,0.280062
8,-0.259862
0
7,-0.401720
13,0.510067
4
14,0.516550
5,0.078115
6
7,0.776431
12,0.600704
0
6,0.331575
15,-0.929250
1
17,0.330329
16,-0.415168
11
18,0.236823
18,-0.595568
19,