numInputs,2
numNodes,17
numOutputs,1
arity,2
functionSet,add,sub,mul,div,sq,sqrt,tanh,1,0,wire,sin,cos,min,max
0
1,0.954312
1,0.198421
7
1,0.034239
1,0.005379
9
3,0.416184
3,-0.999414
3
2,-0.760445
4,0.120482
13
0,-0.679317
1,0.628367
3
0,0.643152
3,0.193353
10
2,-0.896883
7,-0.597406
13
8,0.476368
6,-0.101126
4
2,0.998827
7,-0.145410
1
5,0.136299
7,0.832667
10
10,-0.364087
1,-0.842553
4
9,-0.058958
5,0.176458
12
11,0.483397
13,-0.708867
2
14,-0.091955
12,-0.363396
11
15,-0.734290
12,0.005522
10
16,-0.338252
5,0.829468
11
17,-0.643566
17,-0.400847
18,