numInputs,2
numNodes,27
numOutputs,1
arity,2
functionSet,add,sub,mul,div,sq,sqrt,tanh,1,0,wire,sin,cos,min,max
4
0,0.340737
0,0.223023
4
1,-0.023323
1,0.670357
0
0,-0.748778
2,0.434007
0
3,-0.989421
4,0.940165
3
1,-0.468143
1,0.308704
10
5,-0.091857
3,-0.062202
7
4,-0.329851
5,-0.670108
10
3,-0.956050
6,-0.085679
1
7,0.144430
9,0.821850
0
0,-0.416600
8,0.680706
1
2,0.705148
10,0.844570
12
5,-0.729069
11,-0.366305
6
10,-0.702857
13,-0.602453
11
10,0.773354
14,0.778971
9
13,-0.369542
12,-0.778324
0
12,-0.951017
14,-0.929917
2
16,0.274851
14,-0.907473
13
17,0.459971
6,-0.017953
6
18,0.367422
17,0.651405
2
19,0.262316
15,0.849365
11
14,-0.090840
16,0.372654
4
22,-0.304733
12,0.643990
1
0,-0.681001
20,-0.685052
6
23,0.974288
5,-0.662433
2
21,-0.265869
24,-0.116507
13
25,-0.770473
26,0.238988
10
27,-0.408427
27,-0.007010
28,