numInputs,2
numNodes,24
numOutputs,1
arity,2
functionSet,add,sub,mul,div,sq,sqrt,tanh,1,0,wire,sin,cos,min,max
7
0,-0.823527
1,-0.674941
9
1,0.653590
1,-0.886121
5
0,-0.918764
2,0.953729
1
0,0.509687
1,0.962341
7
4,-0.805240
5,0.222154
0
3,0.263238
5,0.194630
0
0,-0.040219
7,0.458212
2
5,0.841032
0,0.741622
0
6,0.148968
9,-0.461275
6
2,0.121159
9,-0.758274
2
10,0.259539
1,0.918353
2
8,-0.645459
1,-0.964953
1
4,-0.339364
6,0.060524
3
0,0.423949
10,-0.116671
5
0,-0.383997
8,0.895086
2
13,-0.374702
16,0.333032
4
14,-0.664089
7,0.670421
4
15,0.858941
8,-0.805160
3
1,-0.742420
19,-0.814034
6
11,0.309480
18,0.567880
13
17,0.970149
12,0.148741
2
21,-0.101162
7,0.444349
12
22,-0.120286
20,0.113818
1
24,0.829373
23,-0.820027
25,