numInputs,2
numNodes,22
numOutputs,1
arity,2
functionSet,add,sub,mul,div,sq,sqrt,tanh,1,0,wire,sin,cos,min,max
0
0,0.752469
1,-0.831608
2
1,-0.433913
2,0.701703
7
2,-0.974533
0,-0.168004
4
0,0.489018
3,0.803251
1
5,0.514545
2,-0.211733
13
1,0.585614
5,-0.941469
6
7,0.555206
1,0.390170
12
4,-0.517101
4,0.964310
13
9,-0.357445
1,-0.632886
6
1,-0.528884
5,-0.854195
13
10,0.448287
2,-0.429733
1
11,-0.933020
12,0.472989
1
3,0.131748
13,0.233967
2
6,0.848626
14,-0.630070
3
14,-0.383292
9,-0.790222
5
15,-0.182484
10,-0.743527
1
6,0.270487
16,-0.500978
3
8,-0.272357
18,-0.121591
5
17,-0.565788
19,0.148822
4
6,-0.532175
20,0.600576
13
20,0.208279
19,-0.750279
6
21,-0.617676
22,0.874546
23,