numInputs,2
numNodes,20
numOutputs,1
arity,2
functionSet,add,sub,mul,div,sq,sqrt,tanh,1,0,wire,sin,cos,min,max
11
1,-0.333511
0,0.270320
1
0,0.839330
2,-0.939005
6
0,-0.317927
3,-0.021897
2
2,0.016685
2,-0.422168
4
4,-0.986636
2,-0.132515
13
4,-0.827209
6,-0.929734
3
1,-0.099244
1,0.524969
12
8,0.056555
1,-0.876938
8
2,-0.996070
7,-0.779738
13
10,-0.870042
5,0.692857
0
7,-0.388902
9,0.155258
10
11,0.679415
11,0.922404
11
12,0.824733
13,-0.404274
8
7,0.999872
14,-0.671928
0
7,-0.851025
4,-0.389957
0
11,0.753423
15,-0.884303
11
17,-0.073886
3,0.346120
1
18,-0.453178
14,0.612850
2
19,-0.416884
13,-0.951108
12
20,-0.839860
16,0.692643
21,