numInputs,2
numNodes,15
numOutputs,1
arity,2
functionSet,add,sub,mul,div,sq,sqrt,tanh,1,0,wire,sin,cos,min,max
5
0,-0.186443
0,0.800647
11
1,0.540016
2,-0.561724
6
0,0.603714
3,-0.821358
11
2,0.315837
4,-0.283924
11
5,-0.335650
4,-0.853208
9
6,-0.974634
3,0.963503
13
3,-0.368883
7,-0.305934
11
8,0.020368
4,-0.000339
8
8,-0.994197
9,0.920031
12
4,-0.914791
10,-0.491567
2
9,-0.897177
1,0.377545
9
11,-0.090751
12,-0.709764
11
12,0.055653
10,-0.875301
0
13,-0.715325
14,-0.129706
5
15,0.229696
13,0.089408
16,