numInputs,2
numNodes,23
numOutputs,1
arity,2
functionSet,add,sub,mul,div,sq,sqrt,tanh,1,0,wire,sin,cos,min,max
3
0,-0.148201
1,-0.272424
0
1,-0.462903
1,-0.483015
10
3,0.281330
1,0.529371
7
3,0.304504
2,0.976531
1
5,-0.456333
4,0.790712
2
6,-0.142831
2,-0.187952
0
3,-0.325670
6,0.182546
3
6,-0.731425
8,0.334272
0
8,-0.898364
2,0.475270
13
9,0.343245
2,0.131157
1
7,0.180237
8,0.464221
2
7,0.647088
10,0.693748
5
13,0.684262
7,0.415762
8
9,-0.339567
3,0.272870
0
11,0.468016
9,-0.597290
3
15,-0.130523
12,-0.645621
11
14,-0.963239
0,-0.653910
2
17,0.226822
16,-0.359654
10
19,-0.610002
17,0.257342
7
9,-0.150345
20,-0.563590
12
18,-0.028766
20,0.492213
9
21,0.876760
20,-0.224906
1
22,0.411318
23,-0.015425
24,