numInputs,2
numNodes,30
numOutputs,1
arity,2
functionSet,add,sub,mul,div,sq,sqrt,tanh,1,0,wire,sin,cos,min,max
5
1,0.496885
0,0.148576
3
2,-0.575484
0,0.170118
9
0,0.445038
0,-0.472765
4
1,0.153326
0,0.818548
9
5,0.477517
4,0.317743
11
4,0.049040
1,-0.347026
8
5,0.393875
3,0.475386
12
6,0.557280
6,-0.630227
13
4,-0.825883
1,0.770964
4
9,-0.615847
1,0.787320
5
11,-0.241992
6,-0.811613
4
6,0.716263
11,-0.908677
3
8,0.906317
10,0.265134
3
14,-0.583346
11,-0.577346
0
12,0.349102
7,0.336892
0
3,-0.289658
16,-0.058184
10
2,0.743373
15,0.600635
2
17,-0.756612
6,-0.534764
0
10,-0.856864
8,-0.267027
0
19,0.600320
13,0.979673
2
19,-0.960398
7,-0.863408
10
21,-0.362906
21,0.542039
4
22,-0.236488
21,-0.364816
9
15,0.868457
21,-0.194419
2
25,-0.574494
24,-0.630053
6
20,0.149493
23,-0.580538
2
23,0.225503
27,0.427266
12
26,0.453988
18,-0.491308
13
29,-0.282388
28,0.527303
4
30,-0.642313
17,-0.423322
31,