numInputs,2
numNodes,18
numOutputs,1
arity,2
functionSet,add,sub,mul,div,sq,sqrt,tanh,1,0,wire,sin,cos,min,max
4
1,-0.889057
1,-0.227682
12
2,0.143905
2,0.723023
10
0,-0.602370
1,-0.284173
5
0,-0.614600
0,-0.426835
6
1,0.284959
1,0.985737
11
3,-0.477448
1,-0.136884
5
1,0.940524
3,-0.197172
10
6,-0.052576
8,-0.946645
11
7,-0.996135
3,0.131111
13
9,-0.266417
5,0.319355
4
8,0.217553
1,0.382392
6
12,0.158796
9,0.474371
3
10,-0.562906
13,0.555524
0
14,-0.565789
11,0.609161
10
15,-0.880610
1,0.438048
6
4,0.002883
16,0.879010
9
10,-0.152829
16,0.638418
3
18,0.870118
17,0.305911
19,