numInputs,2
numNodes,17
numOutputs,1
arity,2
functionSet,add,sub,mul,div,sq,sqrt,tanh,1,0,wire,sin,cos,min,max
9
0,-0.479606
0,0.370932
13
2,-0.618481
2,-0.754364
4
3,-0.136930
1,0.566574
10
4,0.913199
3,0.064937
10
1,0.476008
5,-0.421562
12
6,0.138298
3,0.407149
5
3,0.339339
4,0.890413
1
5,0.771499
7,0.781553
9
8,-0.386771
7,-0.690065
3
10,-0.356226
9,-0.365128
4
1,-0.343802
7,0.264524
8
11,0.098353
4,0.565171
8
13,-0.607022
13,0.267351
2
11,0.307618
12,-0.429214
11
15,-0.066289
11,-0.531849
13
13,-0.706256
16,-0.001469
6
17,0.247152
14,-0.178193
18,