numInputs,2
numNodes,22
numOutputs,1
arity,2
functionSet,add,sub,mul,div,sq,sqrt,tanh,1,0,wire,sin,cos,min,max
7
0,-0.264988
0,-0.936914
2
1,0.124715
1,-0.440938
2
0,-0.759226
0,-0.235519
2
1,0.018126
4,-0.325019
9
3,-0.785776
5,-0.769674
7
6,0.556938
2,-0.569082
1
0,0.695285
6,0.287909
9
2,0.127163
3,-0.899655
8
8,-0.205934
6,-0.156529
12
10,-0.644328
5,-0.742465
7
7,0.340820
11,0.656108
1
12,0.810119
8,-0.854969
2
0,0.465740
7,-0.668207
13
11,-0.371901
5,0.993408
1
14,-0.317617
13,0.451639
10
15,-0.584763
14,0.960761
10
16,0.394071
12,-0.689267
10
9,-0.731860
15,0.639796
4
19,0.444657
15,-0.560320
9
18,-0.384948
7,-0.341956
2
21,0.129460
17,0.870958
0
20,-0.715630
22,0.328081
23,