numInputs,2
numNodes,24
numOutputs,1
arity,2
functionSet,add,sub,mul,div,sq,sqrt,tanh,1,0,wire,sin,cos,min,max
13
1,0.989551
0,0.377606
10
0,0.398438
1,-0.907805
8
2,-0.967104
3,0.578012
1
4,-0.495692
0,-0.418686
12
0,0.325331
0,-0.014448
3
3,0.246281
3,-0.330183
5
5,-0.555040
0,0.166785
12
8,0.670658
3,-0.375436
4
9,-0.737008
7,-0.964995
12
2,-0.702511
6,0.596112
1
0,-0.340602
0,0.357715
6
2,0.342553
0,-0.969825
1
11,-0.109189
12,-0.714553
9
10,-0.264339
13,-0.282661
9
3,-0.600765
14,0.423733
6
15,-0.511475
16,-0.217833
13
13,-0.933985
17,0.108488
7
18,0.144335
18,0.174036
4
14,-0.967902
3,-0.378115
2
20,-0.274456
1,-0.199306
2
7,-0.236908
18,-0.891646
12
22,0.391410
19,-0.095549
4
23,0.850130
20,-0.900792
3
21,-0.608009
24,-0.142533
25,