numInputs,2
numNodes,18
numOutputs,1
arity,2
functionSet,add,sub,mul,div,sq,sqrt,tanh,1,0,wire,sin,cos,min,max
2
1,-0.283137
1,0.538781
4
1,0.503562
2,-0.042880
2
0,0.646275
3,-0.990394
3
4,-0.173654
2,-0.765208
0
4,0.401122
3,0.871132
11
6,0.292793
6,-0.086376
2
6,-0.934479
7,0.864142
11
5,-0.043948
3,-0.253820
12
4,-0.756118
9,0.353595
4
7,0.523965
8,-0.962951
7
1,-0.477439
7,-0.866417
13
10,0.464902
11,-0.197858
10
8,-0.594220
12,-0.365750
2
14,-0.257370
12,0.071175
6
15,-0.528427
13,-0.789072
13
16,0.287589
11,-0.309435
9
17,-0.419309
13,0.646903
3
18,0.262788
7,-0.336076
19,