numInputs,2
numNodes,15
numOutputs,1
arity,2
functionSet,add,sub,mul,div,sq,sqrt,tanh,1,0,wire,sin,cos,min,max
7
1,-0.120577
0,0.634606
5
0,-0.775776
1,-0.872899
13
2,-0.217819
2,-0.885486
13
3,0.091455
4,0.790955
12
2,0.269860
3,-0.277542
11
5,0.325017
6,-0.326400
2
2,-0.349904
6,-0.348514
11
1,0.979493
8,0.837853
1
2,-0.580927
8,0.217952
5
6,0.208607
6,0.911280
0
11,-0.640764
9,-0.412038
6
4,-0.483709
10,-0.883227
11
12,-0.438844
9,0.431933
13
7,0.660988
13,-0.090450
3
15,0.091796
14,0.748824
16,