numInputs,2
numNodes,20
numOutputs,1
arity,2
functionSet,add,sub,mul,div,sq,sqrt,tanh,1,0,wire,sin,cos,min,max
7
1,0.106211
1,-0.598402
8
2,-0.727909
1,-0.980348
10
1,0.654759
2,0.247465
6
0,0.185179
0,-0.059720
0
1,-0.437038
4,0.235045
4
3,0.884032
0,-0.773127
11
2,-0.650434
2,-0.781794
3
0,0.944104
4,0.094495
5
6,0.623789
4,0.968707
1
9,-0.251234
0,-0.471082
12
7,0.977286
8,0.383729
2
12,0.882868
2,-0.376102
5
9,0.880235
0,0.870200
13
13,-0.683514
10,-0.454050
4
5,-0.491546
14,-0.145622
3
15,-0.846739
11,-0.071990
13
14,-0.830978
17,-0.592428
9
18,-0.363607
17,0.151393
2
16,-0.336615
19,-0.135448
10
20,0.598126
17,0.156247
21,