numInputs,2
numNodes,17
numOutputs,1
arity,2
functionSet,add,sub,mul,div,sq,sqrt,tanh,1,0,wire,sin,cos,min,max
10
1,0.935445
1,-0.508701
1
1,0.084568
0,-0.903756
6
2,-0.844724
3,-0.300043
11
0,0.967192
4,0.243443
1
0,-0.766652
3,-0.003216
3
6,0.889201
5,-0.883118
4
7,0.259569
5,0.326002
10
8,-0.929072
5,-0.905915
3
2,-0.888520
3,0.255862
4
10,0.375265
8,-0.959741
3
4,0.120114
7,0.572480
6
3,-0.995406
9,0.678806
10
12,-0.889967
8,-0.826073
6
11,0.736601
12,-0.908062
2
13,0.914404
15,0.957999
9
14,0.340188
8,0.333543
0
16,0.097182
17,0.641279
18,