numInputs,2
numNodes,16
numOutputs,1
arity,2
functionSet,add,sub,mul,div,sq,sqrt,tanh,1,0,wire,sin,cos,min,max
13
0,0.413838
1,0.365376
5
2,0.091442
0,-0.918158
13
0,0.224905
0,0.912162
11
0,-0.066798
2,0.163492
11
4,0.700737
3,-0.770583
10
5,0.947802
6,-0.538444
4
1,-0.343523
5,-0.784587
0
5,0.845502
6,-0.724489
1
8,0.492743
0,0.841874
9
7,-0.724308
10,-0.770275
0
9,-0.785247
11,-0.025307
5
0,-0.560785
6,0.322665
5
12,-0.259377
13,0.367623
1
3,-0.651053
14,-0.057232
6
10,0.516248
13,-0.465767
0
16,-0.771139
15,0.204680
17,