numInputs,2
numNodes,16
numOutputs,1
arity,2
functionSet,add,sub,mul,div,sq,sqrt,tanh,1,0,wire,sin,cos,min,max
8
0,-0.376434
1,-0.314569
5
1,-0.663365
2,-0.586575
12
1,0.984402
1,0.778337
1
3,-0.960676
1,-0.050350
2
0,0.317182
0,-0.809046
2
6,0.342390
6,-0.916377
2
2,-0.799207
6,0.196000
13
4,-0.859845
5,0.412530
3
9,-0.017218
3,0.079151
12
0,-0.071749
10,-0.072395
10
7,0.057845
8,0.313535
3
11,0.937917
12,-0.925279
11
8,-0.425263
12,-0.339261
1
13,0.215834
10,-0.251795
11
15,-0.986164
9,-0.628939
2
14,-0.059989
16,-0.891064
17,