numInputs,2
numNodes,16
numOutputs,1
arity,2
functionSet,add,sub,mul,div,sq,sqrt,tanh,1,0,wire,sin,cos,min,max
1
1,-0.364728
1,-0.480400
13
2,-0.801282
0,0.185808
13
1,0.915739
3,-0.591337
13
1,0.945458
1,-0.881549
6
5,-0.670885
0,0.504882
11
4,-0.810422
6,-0.329135
7
6,0.668464
5,-0.400054
6
2,0.684259
7,-0.951187
9
6,-0.122283
9,-0.063146
6
8,0.332282
9,0.441883
11
10,-0.966990
9,-0.986161
10
11,0.899845
8,-0.389354
13
12,0.197464
13,-0.811808
10
14,0.688231
4,0.473370
5
15,-0.160743
14,-0.617138
10
16,0.482999
6,-0.178993
17,