numInputs,2
numNodes,25
numOutputs,1
arity,2
functionSet,add,sub,mul,div,sq,sqrt,tanh,1,0,wire,sin,cos,min,max
12
1,0.684517
1,-0.773758
11
2,-0.201465
1,-0.144586
0
3,0.626659
3,0.809258
9
0,-0.238512
4,0.211628
0
5,0.911866
3,-0.985943
2
2,0.059764
5,-0.673679
10
1,-0.713380
7,-0.542581
10
8,0.757443
7,-0.713613
2
5,-0.089796
4,-0.620666
4
0,-0.494779
1,-0.537855
1
0,0.716934
7,0.038387
2
0,0.648675
6,-0.175671
9
11,0.519714
4,0.305737
3
10,-0.389497
9,0.500288
2
12,0.016401
13,-0.651050
12
16,0.416805
14,-0.624054
9
11,-0.984320
10,-0.864333
6
17,-0.981716
5,0.929927
4
18,-0.723295
16,0.295923
4
6,0.588223
20,0.813042
2
7,-0.114853
20,-0.777795
13
22,0.736143
21,0.428558
11
15,-0.247196
23,-0.697140
2
23,0.962195
24,-0.363301
0
25,0.238935
19,0.631096
26,