numInputs,2
numNodes,16
numOutputs,1
arity,2
functionSet,add,sub,mul,div,sq,sqrt,tanh,1,0,wire,sin,cos,min,max
13
1,0.982325
0,0.568077
13
2,0.838911
0,0.625952
5
3,0.322451
2,0.330635
7
3,0.298579
4,0.777605
11
5,0.546844
4,-0.446233
10
4,0.597918
3,-0.024731
2
3,0.650605
7,-0.603971
10
7,-0.209838
4,0.350031
13
0,0.519397
8,-0.641704
8
10,0.211216
10,-0.997987
0
9,-0.701410
11,-0.792130
6
12,0.961257
3,-0.453803
0
6,-0.694548
13,-0.020342
10
6,0.101219
10,0.153132
6
10,-0.684225
15,0.165605
2
16,0.937263
14,-0.540624
17,