numInputs,2
numNodes,19
numOutputs,1
arity,2
functionSet,add,sub,mul,div,sq,sqrt,tanh,1,0,wire,sin,cos,min,max
6
1,-0.534300
1,0.552648
10
2,-0.332592
1,-0.347390
4
1,-0.918909
1,0.909343
12
1,0.135426
3,-0.884223
2
5,0.706304
0,0.535267
6
6,-0.162818
5,0.223209
9
4,-0.944295
5,0.229586
13
1,0.309436
4,0.466097
10
6,-0.943979
2,-0.059296
6
2,-0.705594
10,-0.694517
2
8,-0.075419
7,0.680374
3
9,-0.144751
1,-0.226265
9
5,-0.326261
4,-0.744287
12
14,-0.926819
2,0.819217
1
12,-0.386600
13,0.101328
11
16,-0.740092
10,-0.213361
13
17,0.101393
15,0.963462
5
11,-0.205970
17,0.347572
2
19,-0.142050
18,-0.375449
20,