numInputs,2
numNodes,17
numOutputs,1
arity,2
functionSet,add,sub,mul,div,sq,sqrt,tanh,1,0,wire,sin,cos,min,max
7
1,-0.957810
0,0.449684
7
0,0.419760
1,0.585736
5
1,-0.323459
0,-0.764701
2
3,-0.248345
2,-0.508199
7
0,0.823662
0,-0.201771
5
5,0.101712
1,0.907455
0
4,0.842507
3,0.677915
5
4,0.442286
2,-0.448907
11
6,0.659140
5,0.143695
0
8,0.459645
9,-0.275590
0
10,-0.658611
7,0.100295
5
11,0.792781
10,0.248752
12
2,0.905349
2,0.394384
3
0,0.377398
13,0.499382
13
14,-0.623844
12,0.532261
0
15,-0.427177
16,0.431302
10
17,0.132755
15,0.894871
18,