numInputs,2
numNodes,22
numOutputs,1
arity,2
functionSet,add,sub,mul,div,sq,sqrt,tanh,1,0,wire,sin,cos,min,max
1
1,-0.160820
1,0.035424
10
1,-0.869284
2,0.495946
8
0,-0.457103
0,-0.722027
0
1,-0.648557
0,0.790446
13
0,-0.598343
5,0.853881
1
4,-0.884768
6,-0.829484
0
2,-0.249565
4,0.698141
12
8,0.740311
0,-0.436105
0
0,-0.510296
2,-0.688066
6
4,-0.101239
0,-0.606734
11
8,0.322731
2,0.485014
6
11,-0.757270
3,-0.172934
9
13,-0.000369
13,-0.440805
1
1,0.826881
7,-0.611853
2
12,0.917689
15,0.397505
1
14,-0.933052
11,-0.865033
6
10,0.077761
17,-0.401725
3
18,0.920496
16,0.147023
2
18,0.916159
19,-0.234368
0
9,0.263544
8,-0.622196
11
21,0.668265
9,-0.290616
6
20,-0.881915
22,-0.868260
23,