numInputs,2
numNodes,15
numOutputs,1
arity,2
functionSet,add,sub,mul,div,sq,sqrt,tanh,1,0,wire,sin,cos,min,max
5
0,0.566043
0,-0.844141
5
2,0.843490
2,-0.096565
11
3,0.934059
3,0.767420
13
4,-0.978658
2,-0.339841
11
4,0.802731
0,0.735737
0
6,0.893319
2,0.922416
4
7,0.639084
7,-0.292744
0
5,-0.103917
2,0.013310
6
1,-0.722167
8,0.483378
0
2,-0.108977
10,-0.993590
0
7,-0.184105
9,-0.137811
10
12,0.458745
9,0.789500
4
11,-0.679375
13,-0.446188
0
13,-0.372318
14,-0.575280
10
15,0.268812
14,0.122384
16,