numInputs,2
numNodes,19
numOutputs,1
arity,2
functionSet,add,sub,mul,div,sq,sqrt,tanh,1,0,wire,sin,cos,min,max
3
0,0.692430
1,0.742655
1
2,0.487548
0,0.294200
4
2,0.321739
0,0.308205
3
0,-0.540485
1,0.729158
4
4,0.111775
0,-0.434190
4
3,-0.441301
0,0.952035
0
6,-0.187640
5,-0.627672
12
0,0.278056
8,0.797427
6
7,-0.267558
9,-0.940002
3
1,-0.439020
10,-0.497802
3
11,0.041566
9,0.200628
0
12,0.440316
6,0.193510
3
6,-0.975410
0,-0.285831
6
14,0.987723
13,0.359545
12
15,-0.193694
12,-0.051435
11
15,-0.055305
15,0.764474
11
17,-0.985656
17,-0.614191
13
16,-0.550907
18,0.358855
10
19,-0.178896
18,-0.464189
20,