numInputs,2
numNodes,17
numOutputs,1
arity,2
functionSet,add,sub,mul,div,sq,sqrt,tanh,1,0,wire,sin,cos,min,max
4
0,0.468387
1,-0.536753
6
2,-0.752312
2,-0.327122
11
2,0.668425
2,0.657771
7
1,0.381166
2,0.804485
0
0,0.066140
1,0.268917
11
6,0.727441
5,-0.676341
0
1,-0.963204
1,-0.947311
9
3,0.359848
7,0.200932
13
7,-0.989926
9,0.743995
13
6,-0.296224
5,0.422147
1
11,-0.744039
10,-0.069299
11
4,0.321307
12,-0.239930
10
12,0.234112
13,0.457169
4
13,0.494036
12,-0.331584
3
15,0.290820
14,0.654503
10
8,-0.592222
12,-0.272469
12
16,0.561095
17,-0.316135
18,