numInputs,2
numNodes,17
numOutputs,1
arity,2
functionSet,add,sub,mul,div,sq,sqrt,tanh,1,0,wire,sin,cos,min,max
13
1,-0.480562
0,0.393047
12
2,0.638164
1,0.091431
6
2,-0.242071
3,0.752708
1
2,-0.735837
2,-0.246648
5
0,-0.981779
2,-0.265738
2
5,-0.083503
6,0.661690
6
7,-0.649645
6,0.083493
8
6,-0.752945
3,-0.428894
0
4,-0.446440
9,0.202819
0
10,-0.548882
0,-0.694484
9
8,-0.189233
11,-0.571696
8
10,-0.820419
0,-0.309985
9
12,0.348700
3,-0.498800
13
13,0.945961
3,0.330086
2
15,-0.562362
14,0.988165
1
16,-0.959401
11,-0.822742
10
17,0.796171
11,-0.092360
18,