numInputs,2
numNodes,26
numOutputs,1
arity,2
functionSet,add,sub,mul,div,sq,sqrt,tanh,1,0,wire,sin,cos,min,max
12
1,0.858362
1,-0.654922
11
0,-0.508766
2,-0.550265
1
2,-0.852723
0,0.575024
12
3,-0.030492
2,0.768564
3
3,-0.875987
4,0.681252
1
6,0.432124
6,0.478505
3
3,-0.760705
3,0.831193
0
4,-0.604241
1,-0.886534
5
8,0.523873
6,-0.202041
8
4,-0.523106
1,-0.750893
4
11,0.189823
9,-0.619707
13
10,0.465412
7,-0.177921
6
13,-0.655726
9,-0.199669
0
5,0.155713
0,0.566143
6
15,0.850102
15,-0.605068
9
9,0.870211
16,0.361136
7
17,-0.568490
15,-0.733770
3
14,-0.572060
17,0.444711
4
18,-0.950844
10,-0.015094
11
16,0.216156
17,-0.891096
6
19,-0.313714
21,-0.783144
5
9,0.203396
14,0.252544
1
20,-0.075088
12,-0.702241
12
24,0.545391
22,0.895199
3
23,0.223188
25,0.116424
11
26,-0.960630
22,0.794005
27,