numInputs,2
numNodes,20
numOutputs,1
arity,2
functionSet,add,sub,mul,div,sq,sqrt,tanh,1,0,wire,sin,cos,min,max
3
0,-0.503250
0,0.508098
5
0,0.121909
1,-0.832679
2
2,0.225882
3,0.535050
11
3,-0.701936
4,0.747372
0
0,-0.767381
2,-0.112903
5
5,0.216896
4,0.726860
8
4,0.680319
7,-0.693053
2
5,-0.541316
4,-0.007706
6
8,-0.965555
5,0.902068
6
5,0.121845
10,-0.307310
2
9,-0.624964
11,0.248307
10
7,-0.612728
12,-0.615218
0
12,-0.927920
10,0.890232
3
14,-0.837467
0,-0.572899
11
13,0.024821
7,0.637633
11
16,0.974282
12,0.560928
2
17,-0.707422
6,0.435617
8
8,-0.871533
13,0.219416
3
18,-0.229604
15,-0.526383
0
20,0.394577
19,0.767712
21,