numInputs,2
numNodes,15
numOutputs,1
arity,2
functionSet,add,sub,mul,div,sq,sqrt,tanh,1,0,wire,sin,cos,min,max
12
0,-0.101738
1,0.737098
0
1,0.078252
0,-0.458425
5
3,-0.483132
1,-0.715730
3
4,0.549928
0,0.068869
1
4,0.755789
5,-0.999282
4
2,0.359020
6,0.288086
11
6,-0.852286
2,0.612663
6
7,-0.825353
6,-0.392752
3
9,0.254480
5,-0.692105
13
4,-0.449027
6,0.423951
3
10,-0.980383
8,-0.900598
10
12,-0.676606
12,-0.636625
7
6,0.920597
13,-0.909508
12
13,0.675662
11,-0.638677
0
15,0.963657
14,-0.904761
16,