numInputs,2
numNodes,18
numOutputs,1
arity,2
functionSet,add,sub,mul,div,sq,sqrt,tanh,1,0,wire,sin,cos,min,max
8
0,0.405361
0,0.711489
1
1,-0.833181
2,-0.121830
9
0,-0.067224
1,-0.930297
12
1,0.975148
0,-0.989274
2
0,-0.670119
3,-0.424203
3
3,-0.027307
0,0.531174
6
5,-0.112159
6,0.078604
1
4,0.971788
8,-0.765974
7
4,0.620261
9,-0.245512
2
5,-0.092429
9,-0.808794
4
9,0.439100
9,0.527478
1
12,-0.329816
7,-0.298841
5
13,0.168662
5,0.862511
1
8,-0.586124
4,-0.934839
10
15,-0.421714
5,-0.444563
12
11,-0.269321
10,0.188266
6
17,0.993389
14,-0.342178
1
16,0.664722
18,0.567485
19,