numInputs,2
numNodes,17
numOutputs,1
arity,2
functionSet,add,sub,mul,div,sq,sqrt,tanh,1,0,wire,sin,cos,min,max
13
1,0.056339
0,0.706440
5
2,0.965123
1,0.138795
4
0,0.208471
2,-0.518203
11
2,0.956063
2,0.045497
11
1,-0.419095
4,0.393582
2
6,0.396743
6,-0.750386
5
1,0.201160
5,0.726393
12
5,0.202553
7,-0.328389
2
9,0.959282
8,-0.682369
10
10,0.349078
0,-0.922511
6
10,0.347297
3,-0.220980
9
4,-0.757143
9,-0.486585
11
11,0.997720
3,-0.299887
2
14,0.372889
14,-0.370032
2
13,0.224357
12,0.608297
11
16,-0.570225
16,-0.924293
0
15,-0.271415
17,-0.587765
18,