numInputs,2
numNodes,20
numOutputs,1
arity,2
functionSet,add,sub,mul,div,sq,sqrt,tanh,1,0,wire,sin,cos,min,max
2
0,0.369411
0,-0.628803
0
1,-0.299562
0,0.795521
1
0,0.642525
0,-0.172087
0
4,-0.411574
1,0.303497
11
2,0.508545
1,-0.848983
5
5,0.896696
0,0.603933
7
0,0.385960
3,-0.539116
6
5,-0.027963
7,-0.488122
1
8,-0.728839
7,-0.136252
5
6,0.825447
5,0.174058
5
3,-0.213404
5,0.413917
5
12,-0.350583
6,-0.601201
0
11,0.354403
8,0.969748
13
3,0.512263
14,0.504383
0
9,-0.353244
10,-0.965057
3
15,-0.244891
16,-0.349640
11
17,-0.224985
7,-0.134642
0
17,-0.385661
13,-0.254004
10
19,0.566655
17,0.890542
13
18,0.788889
20,0.603848
21,