numInputs,2
numNodes,21
numOutputs,1
arity,2
functionSet,add,sub,mul,div,sq,sqrt,tanh,1,0,wire,sin,cos,min,max
3
0,0.552586
1,-0.773881
2
2,0.231141
0,0.233519
9
3,0.634570
2,-0.941034
1
3,-0.786348
1,-0.187400
6
5,-0.079517
4,0.657384
4
5,0.873583
4,-0.319918
2
0,-0.965742
7,-0.792068
4
7,0.426271
8,-0.093123
8
6,0.697189
9,-0.666010
3
0,-0.207691
5,-0.691444
13
6,0.037552
11,0.530685
8
4,0.618734
12,0.381328
1
7,0.267231
8,-0.379825
5
10,0.287734
12,0.680222
3
13,-0.266768
14,-0.751378
3
16,-0.770162
12,-0.834854
3
16,-0.746290
4,0.058943
0
17,0.457778
18,0.807910
6
15,0.853997
19,-0.948474
1
9,0.828742
20,0.839627
10
21,-0.805626
21,0.114084
22,