numInputs,2
numNodes,17
numOutputs,1
arity,2
functionSet,add,sub,mul,div,sq,sqrt,tanh,1,0,wire,sin,cos,min,max
13
0,-0.987472
1,0.246323
5
2,-0.546555
1,0.984764
5
2,-0.635623
0,0.289017
1
1,0.219402
3,0.002867
6
0,-0.510432
5,0.715442
10
5,-0.454741
6,-0.562317
10
6,-0.267483
0,-0.868959
12
8,0.015403
8,-0.580466
11
4,-0.205631
9,0.534739
12
2,-0.137954
2,-0.558552
2
9,-0.887512
8,-0.286076
1
10,0.389444
7,-0.734787
6
11,-0.004516
13,-0.244949
2
7,-0.752068
7,-0.452838
13
14,0.125489
12,0.174859
3
15,-0.620112
8,-0.887371
6
17,-0.008863
16,-0.514335
18,