numInputs,2
numNodes,15
numOutputs,1
arity,2
functionSet,add,sub,mul,div,sq,sqrt,tanh,1,0,wire,sin,cos,min,max
2
1,0.611556
0,-0.840467
2
1,-0.459060
2,-0.141474
3
0,-0.053891
1,-0.016273
0
3,0.711333
4,0.830706
0
2,-0.105111
3,-0.936839
10
0,0.107403
1,-0.043764
3
3,0.657924
7,0.899135
13
8,0.824403
7,-0.173602
0
3,-0.953830
5,0.649867
12
6,0.219237
7,0.751099
4
9,0.148970
11,-0.381557
5
11,0.660359
2,-0.305540
12
7,-0.107881
10,-0.307799
2
12,-0.479608
13,-0.106318
0
15,-0.474526
14,-0.011677
16,