numInputs,2
numNodes,18
numOutputs,1
arity,2
functionSet,add,sub,mul,div,sq,sqrt,tanh,1,0,wire,sin,cos,min,max
4
0,0.569052
1,-0.068212
2
0,-0.098834
2,0.443666
9
1,0.612647
3,-0.013576
9
0,0.945443
2,0.772553
7
5,0.464796
1,-0.988328
13
1,0.187225
5,-0.032815
3
7,0.378446
4,0.747720
0
6,-0.153036
8,0.960070
2
4,0.421735
8,0.149791
0
6,0.404000
3,-0.591416
3
7,-0.129994
9,-0.631081
5
11,0.746116
10,-0.303071
12
12,-0.727587
13,-0.014302
11
14,0.373210
10,0.677744
13
5,0.670779
5,0.080357
6
16,0.564635
10,-0.434248
6
17,-0.085785
15,0.255457
5
18,0.970548
17,-0.777627
19,