numInputs,2
numNodes,16
numOutputs,1
arity,2
functionSet,add,sub,mul,div,sq,sqrt,tanh,1,0,wire,sin,cos,min,max
9
1,0.119505
1,-0.082867
6
1,0.227453
2,0.425125
1
0,0.739831
3,-0.133425
1
2,-0.728195
0,-0.923687
0
3,-0.292944
3,-0.617686
1
5,0.650269
3,-0.588005
4
4,0.460899
1,0.763163
8
2,0.707219
1,-0.670353
10
8,0.003137
6,-0.101504
6
9,0.336279
7,-0.017895
6
6,0.494314
11,-0.661221
10
12,-0.905960
8,0.494683
2
10,-0.409270
10,-0.204613
2
14,-0.085365
13,-0.516357
13
15,-0.417757
10,-0.737086
0
3,-0.627102
16,0.912126
17,