numInputs,2
numNodes,30
numOutputs,1
arity,2
functionSet,add,sub,mul,div,sq,sqrt,tanh,1,0,wire,sin,cos,min,max
12
0,-0.075778
0,0.075973
11
2,-0.691298
0,-0.453187
5
1,0.359987
1,0.858514
0
3,-0.744735
1,0.812397
3
3,0.608363
4,-0.712921
12
0,-0.785203
6,0.760645
4
5,-0.615854
3,-0.892673
13
6,-0.099901
7,0.275966
9
5,0.938879
5,-0.857795
9
10,-0.856378
10,-0.051315
2
11,0.618541
8,-0.079714
5
3,-0.702565
10,0.932738
10
6,-0.865032
8,-0.469806
7
10,-0.009893
11,-0.408790
10
9,-0.523654
10,-0.659007
11
12,0.631913
15,0.229539
10
16,0.953715
8,-0.321034
10
0,0.881352
12,-0.609744
3
18,-0.275948
7,-0.331814
10
15,-0.594433
20,0.916319
6
21,0.913086
20,-0.388164
9
21,0.289844
10,0.786651
4
13,0.863385
20,-0.381803
4
23,-0.432432
21,0.586480
6
22,-0.359450
19,-0.186398
0
14,0.253576
17,-0.315243
2
27,0.924706
13,0.458689
2
24,0.034787
26,0.484412
2
28,-0.266061
29,-0.944542
0
30,-0.573643
25,-0.026533
31,