numInputs,2
numNodes,23
numOutputs,1
arity,2
functionSet,add,sub,mul,div,sq,sqrt,tanh,1,0,wire,sin,cos,min,max
9
0,0.854370
1,-0.683782
2
1,0.006709
2,0.215022
7
1,0.289885
0,-0.825915
2
2,-0.864094
2,0.385686
13
3,-0.126012
0,0.424188
5
6,-0.140016
6,0.659992
0
4,0.633874
5,0.859643
5
7,-0.684259
1,-0.531084
5
9,0.983195
8,-0.074610
7
9,0.660905
0,-0.431338
1
11,-0.110376
4,0.263389
10
10,0.784603
10,0.344770
8
3,0.551465
2,0.784332
5
9,-0.496949
3,0.229860
6
8,0.158056
12,0.947172
5
1,-0.719001
14,-0.025520
10
9,0.545974
14,-0.128552
2
14,0.175922
12,-0.885919
2
17,-0.573249
18,-0.985518
3
13,0.482804
16,-0.370585
6
15,-0.769018
20,-0.875154
6
22,-0.952829
21,-0.423072
12
23,-0.392873
19,-0.164101
24,