numInputs,2
numNodes,28
numOutputs,1
arity,2
functionSet,add,sub,mul,div,sq,sqrt,tanh,1,0,wire,sin,cos,min,max
6
0,-0.189440
1,0.288225
6
1,-0.660065
1,-0.942344
2
0,0.676655
3,-0.159423
8
0,0.950397
2,-0.778218
1
3,-0.727394
4,0.118794
12
2,-0.404131
0,-0.424009
10
3,0.441519
3,-0.772470
9
7,0.836058
3,-0.820608
0
9,-0.966004
8,-0.566674
0
3,0.467182
2,-0.697641
4
6,-0.232581
6,0.540496
9
10,0.469390
12,0.641654
1
0,0.686496
6,-0.816691
7
12,0.869869
8,-0.023439
13
6,-0.805434
15,-0.709524
3
14,-0.148254
15,0.020930
0
14,-0.883408
12,0.953449
12
16,0.941227
4,0.953524
0
19,0.426963
5,0.106366
0
5,-0.753021
18,0.598672
6
4,0.840565
11,-0.849291
9
2,0.426013
21,0.941840
4
21,-0.393988
21,-0.594889
13
13,0.225284
22,-0.324156
13
24,0.639669
23,-0.985264
1
20,0.351882
26,-0.428335
12
27,-0.298614
17,0.433744
3
28,-0.708435
25,0.288645
29,