numInputs,2
numNodes,23
numOutputs,1
arity,2
functionSet,add,sub,mul,div,sq,sqrt,tanh,1,0,wire,sin,cos,min,max
13
1,-0.576805
1,0.154870
6
0,-0.895007
0,-0.632504
11
1,-0.932113
3,-0.478787
10
4,-0.546220
2,-0.487784
2
2,0.006898
2,0.389227
7
6,-0.253256
3,-0.884974
13
3,-0.132553
7,0.597411
1
5,0.457140
3,-0.848138
5
9,-0.602508
6,-0.074594
12
4,-0.968314
5,-0.650515
3
6,-0.811248
11,-0.309109
1
10,0.052043
12,-0.491197
9
5,0.603990
13,-0.037282
4
8,-0.088145
13,-0.144531
10
15,0.608066
12,-0.179261
10
13,-0.050062
15,-0.542997
1
14,0.969032
16,-0.197075
10
6,-0.715280
12,0.215161
13
17,-0.263752
18,-0.336458
12
20,0.727297
10,-0.312463
12
21,-0.351018
0,-0.148679
9
19,-0.193850
18,0.941833
12
23,-0.127074
22,0.141265
24,