numInputs,2
numNodes,21
numOutputs,1
arity,2
functionSet,add,sub,mul,div,sq,sqrt,tanh,1,0,wire,sin,cos,min,max
10
0,0.304534
1,-0.390288
4
2,0.870291
0,-0.560849
7
1,-0.667131
0,0.223653
10
4,0.245389
3,0.358802
5
0,-0.932470
1,-0.649121
10
6,0.108949
6,-0.568716
7
6,0.573549
7,0.611926
5
6,-0.814425
3,0.025045
11
7,0.795005
0,-0.699773
10
1,-0.037740
8,0.364674
4
10,-0.174780
11,0.953743
1
9,-0.571880
3,-0.985085
4
8,-0.707833
13,0.929341
0
12,0.554886
0,0.922819
3
1,-0.413056
15,-0.066815
0
11,-0.143351
16,0.459957
6
7,0.829100
13,0.810756
3
5,0.898111
17,0.277677
1
19,0.023788
14,-0.333887
13
20,-0.298680
18,0.316412
11
21,-0.091223
16,0.110849
22,