numInputs,2
numNodes,19
numOutputs,1
arity,2
functionSet,add,sub,mul,div,sq,sqrt,tanh,1,0,wire,sin,cos,min,max
5
1,-0.025436
1,0.250615
11
0,0.936453
2,-0.410314
10
0,-0.295446
2,-0.958726
9
0,-0.339720
1,-0.288830
6
5,0.244251
5,-0.227107
2
1,-0.861525
2,-0.476176
3
7,-0.191829
6,-0.354125
3
1,0.387298
4,0.934459
5
9,0.819388
9,-0.668809
6
8,0.028097
8,-0.206317
5
3,0.499471
8,0.919931
2
0,-0.185815
10,-0.001043
5
13,0.387007
8,0.425985
12
12,0.245555
8,-0.665221
9
14,0.647365
11,0.783197
10
16,-0.568033
11,-0.677570
6
11,-0.640412
15,-0.575271
12
16,-0.524710
17,0.656975
2
19,0.302666
18,0.461945
20,