numInputs,2
numNodes,16
numOutputs,1
arity,2
functionSet,add,sub,mul,div,sq,sqrt,tanh,1,0,wire,sin,cos,min,max
5
1,-0.165141
0,-0.557156
10
0,-0.181737
0,0.329496
13
0,0.768892
2,0.474577
10
2,-0.700856
3,-0.676844
2
5,-0.801147
5,-0.980296
10
5,-0.166109
4,0.842954
8
6,-0.381648
3,-0.813857
6
5,0.066617
8,0.187702
2
4,-0.320016
9,-0.269164
0
2,-0.410726
3,0.297884
5
7,0.751203
7,-0.093364
3
10,0.094068
6,-0.558539
9
12,0.216356
8,0.188861
12
11,0.367272
14,-0.939523
1
13,-0.642699
15,0.763219
10
16,0.810019
9,0.822798
17,