numInputs,2
numNodes,18
numOutputs,1
arity,2
functionSet,add,sub,mul,div,sq,sqrt,tanh,1,0,wire,sin,cos,min,max
4
0,-0.602216
1,0.081527
0
1,-0.675573
1,-0.659229
5
2,0.824667
3,0.588608
0
2,-0.526766
3,0.011820
6
2,-0.245998
4,0.637142
1
4,-0.927109
2,0.572945
5
2,0.827392
1,-0.885166
5
1,-0.320942
8,0.844496
0
1,-0.190706
4,0.107533
11
7,0.125655
7,0.661948
3
5,-0.398153
10,-0.094650
12
11,0.925084
6,0.833852
1
9,0.086911
13,0.633066
13
8,-0.221123
14,-0.331864
10
13,-0.084099
11,-0.823877
1
12,0.165586
15,0.081206
2
17,-0.557700
16,0.332578
10
18,-0.922138
17,-0.690934
19,