numInputs,2
numNodes,15
numOutputs,1
arity,2
functionSet,add,sub,mul,div,sq,sqrt,tanh,1,0,wire,sin,cos,min,max
9
1,0.051757
0,-0.060927
1
2,0.533055
0,-0.857331
6
3,-0.376408
0,-0.195563
1
1,-0.915268
4,-0.133997
4
2,-0.800863
5,-0.445048
6
1,0.486555
6,-0.964924
2
5,-0.100854
4,-0.839552
1
8,0.717131
4,-0.154715
10
4,-0.557808
6,0.200377
0
2,-0.332301
9,-0.585487
5
11,0.387454
9,-0.573509
13
12,0.438713
10,-0.864998
3
7,-0.832521
13,-0.500161
9
14,0.626256
10,0.780399
4
15,-0.887944
13,0.236196
16,