numInputs,2
numNodes,18
numOutputs,1
arity,2
functionSet,add,sub,mul,div,sq,sqrt,tanh,1,0,wire,sin,cos,min,max
9
0,0.888380
1,0.898700
8
0,0.504325
2,-0.353100
2
2,-0.931787
3,-0.168342
0
0,0.062296
4,-0.339047
11
5,0.957437
2,0.956326
11
2,0.785286
1,0.634789
4
1,-0.525870
7,0.272122
9
7,0.382156
0,-0.096538
5
1,-0.091406
7,0.534676
10
9,-0.991194
9,0.337687
11
11,0.466828
8,-0.320455
12
8,0.226884
6,-0.739968
3
7,0.754044
12,-0.616432
12
14,0.439259
13,-0.175706
10
0,0.380188
3,-0.414263
1
15,-0.924211
16,-0.191040
2
17,-0.545535
10,-0.805249
10
18,0.043464
18,-0.585733
19,