numInputs,2
numNodes,17
numOutputs,1
arity,2
functionSet,add,sub,mul,div,sq,sqrt,tanh,1,0,wire,sin,cos,min,max
11
0,0.612750
1,-0.639794
2
2,0.174925
0,-0.871739
7
0,-0.519230
0,-0.332759
5
1,0.739985
0,0.519881
0
5,0.208864
3,-0.619972
2
3,-0.945246
4,-0.864629
4
7,-0.040927
1,-0.062668
11
2,0.809457
6,-0.186895
11
8,-0.303761
9,-0.492286
7
5,-0.055569
8,0.921261
0
11,0.902258
9,0.017801
8
11,-0.885667
12,-0.495310
10
10,0.109638
13,0.687231
0
12,-0.111105
13,0.599699
1
14,0.060519
6,0.615887
12
15,0.185436
16,-0.204651
11
17,-0.500363
14,0.343728
18,