numInputs,2
numNodes,15
numOutputs,1
arity,2
functionSet,add,sub,mul,div,sq,sqrt,tanh,1,0,wire,sin,cos,min,max
4
0,0.784665
1,-0.292895
12
2,0.235780
1,0.208923
7
3,0.986617
1,-0.199796
0
3,-0.640520
4,-0.654993
10
1,0.790530
4,0.805247
13
5,-0.390312
1,-0.556127
9
7,-0.613228
2,0.415269
4
0,-0.878816
5,0.087486
9
2,-0.921019
5,-0.288840
4
6,0.472986
5,-0.282569
5
11,-0.465825
11,-0.104679
5
12,0.372899
2,0.800496
6
8,-0.478978
10,0.892440
6
13,-0.885410
9,0.172486
3
15,-0.143762
14,-0.752891
16,