numInputs,2
numNodes,23
numOutputs,1
arity,2
functionSet,add,sub,mul,div,sq,sqrt,tanh,1,0,wire,sin,cos,min,max
7
1,0.685913
1,-0.856277
3
1,0.795910
0,0.770700
3
2,0.815425
2,0.833292
13
3,0.566766
3,0.748545
4
5,-0.922478
3,0.105069
1
0,0.604945
5,0.114261
9
0,0.175905
6,0.941253
6
7,0.300362
5,-0.269280
11
1,0.246940
4,-0.332681
0
7,0.551554
7,0.930384
4
8,-0.189720
9,0.255304
2
10,0.544493
9,0.672693
12
13,0.407192
1,0.483988
1
14,-0.616142
4,-0.268167
2
15,-0.703318
14,-0.185018
1
2,-0.734532
16,0.414289
4
17,0.942993
17,0.105115
9
11,0.671222
10,-0.249126
5
19,-0.689348
18,0.593563
13
6,0.565659
20,-0.518627
9
21,-0.967027
16,0.162796
2
12,-0.062176
18,-0.936427
12
22,-0.891108
23,-0.317650
24,