numInputs,2
numNodes,16
numOutputs,1
arity,2
functionSet,add,sub,mul,div,sq,sqrt,tanh,1,0,wire,sin,cos,min,max
4
0,0.470119
1,-0.660504
2
2,0.501871
2,-0.658553
2
0,-0.946151
3,0.965500
12
1,-0.417735
0,0.426005
1
2,0.858426
2,0.874035
6
5,0.780237
3,-0.786528
0
1,-0.429198
7,0.809185
6
0,0.616211
6,0.148132
4
8,0.695844
8,0.361606
13
10,-0.742474
0,-0.662594
0
4,0.155664
9,0.320209
4
11,-0.000488
10,-0.545183
4
12,-0.261131
12,-0.628378
11
13,0.298240
12,0.576056
0
12,-0.047141
14,-0.395574
2
15,-0.129197
16,0.386457
17,