numInputs,2
numNodes,20
numOutputs,1
arity,2
functionSet,add,sub,mul,div,sq,sqrt,tanh,1,0,wire,sin,cos,min,max
8
1,-0.593566
1,-0.403625
11
2,0.381914
0,0.659966
13
3,-0.682251
0,-0.965364
4
4,0.069067
3,0.938095
13
5,0.547191
1,0.683436
1
6,0.932983
1,0.548417
0
1,0.749694
0,0.668968
5
5,0.385756
0,-0.433424
7
1,0.546230
8,-0.674632
7
7,-0.055610
8,-0.486802
0
7,-0.672580
11,0.913595
0
6,-0.851089
5,-0.405136
3
8,0.463060
2,-0.224516
6
12,0.488314
13,-0.158850
12
9,0.755219
15,-0.924263
10
14,-0.331424
14,-0.974819
3
8,-0.821904
16,-0.692396
3
18,0.059457
17,0.502850
12
19,-0.838427
10,0.379087
11
20,-0.667034
16,-0.032154
21,