numInputs,2
numNodes,19
numOutputs,1
arity,2
functionSet,add,sub,mul,div,sq,sqrt,tanh,1,0,wire,sin,cos,min,max
12
1,-0.172807
0,-0.943265
8
0,-0.165454
2,0.738005
4
3,-0.518962
3,0.304753
1
4,0.439413
2,-0.131067
9
5,0.265108
4,0.848172
3
1,0.315656
2,0.191107
6
2,-0.304887
7,0.142279
4
4,-0.371196
6,0.407668
7
7,-0.678211
8,0.708747
11
6,-0.000486
7,-0.511955
13
2,-0.241706
10,-0.797457
5
8,0.078589
6,-0.922937
8
4,0.941780
0,-0.864206
3
12,0.488077
11,0.872045
0
15,0.567103
14,-0.403593
9
13,-0.368192
13,0.716910
1
17,-0.681977
9,0.333604
13
13,0.963063
18,0.756808
2
19,-0.288961
16,-0.712365
20,