numInputs,2
numNodes,17
numOutputs,1
arity,2
functionSet,add,sub,mul,div,sq,sqrt,tanh,1,0,wire,sin,cos,min,max
1
0,-0.822478
1,-0.113279
4
2,-0.435411
0,-0.800593
13
1,-0.878477
0,-0.831743
3
4,-0.430811
4,0.033982
11
4,0.317295
1,0.842123
5
4,0.977970
4,-0.020919
2
2,-0.448761
4,0.301268
2
8,-0.666836
3,-0.277854
2
3,-0.416660
4,-0.942308
2
7,-0.676855
9,-0.768732
4
11,0.749973
10,0.481313
3
6,-0.958404
5,-0.354109
11
13,-0.643328
11,-0.119583
12
14,0.518356
10,-0.317525
2
12,-0.041097
11,-0.345834
4
16,0.910108
11,-0.428822
2
15,-0.179658
17,0.815366
18,