numInputs,2
numNodes,20
numOutputs,1
arity,2
functionSet,add,sub,mul,div,sq,sqrt,tanh,1,0,wire,sin,cos,min,max
5
1,0.355063
0,-0.454858
3
1,0.843205
0,-0.318966
12
3,0.743196
1,0.528242
5
0,-0.799331
4,0.697286
1
3,-0.006652
1,-0.093394
3
4,-0.965255
0,-0.147261
2
7,0.891086
4,0.475410
11
7,0.361971
8,0.989082
4
2,-0.399821
4,-0.985840
0
1,0.894245
6,-0.913771
1
5,0.087240
5,-0.558245
6
11,-0.334180
12,-0.132974
1
13,0.183382
9,0.148675
12
8,-0.664668
2,-0.302576
13
10,0.675268
15,-0.428010
11
9,-0.314671
6,-0.220169
3
16,0.936744
14,-0.185912
2
17,-0.880548
18,0.647148
7
19,0.891755
19,-0.844995
2
19,-0.620655
20,0.132928
21,