numInputs,2
numNodes,16
numOutputs,1
arity,2
functionSet,add,sub,mul,div,sq,sqrt,tanh,1,0,wire,sin,cos,min,max
13
0,0.744422
1,0.791963
11
2,0.939632
1,-0.003208
3
3,0.682685
2,-0.636382
3
2,0.434889
0,0.081014
0
1,-0.825878
0,0.238092
3
2,-0.059477
4,-0.403660
0
2,-0.770423
6,0.906706
13
6,-0.899920
5,0.577266
2
9,-0.693015
8,0.189012
4
7,-0.894380
9,-0.373549
9
10,0.640340
11,0.737841
13
11,-0.039506
5,0.934603
11
12,-0.251545
10,-0.026521
10
13,0.729263
12,-0.008969
11
14,-0.083263
11,-0.244559
6
15,-0.401551
16,-0.399323
17,