numInputs,2
numNodes,19
numOutputs,1
arity,2
functionSet,add,sub,mul,div,sq,sqrt,tanh,1,0,wire,sin,cos,min,max
7
0,-0.565636
0,0.151760
11
2,0.140594
1,0.953591
11
0,-0.505588
1,-0.546155
1
4,-0.855726
3,-0.702918
2
1,0.644976
5,-0.091642
5
5,0.590414
1,0.244293
2
1,-0.288540
5,0.362556
12
5,-0.458865
8,-0.949848
11
6,-0.505907
9,-0.869352
2
7,-0.684913
9,-0.935851
1
7,-0.912201
6,0.573931
7
0,0.257776
6,0.315214
6
12,0.477061
7,0.375698
0
11,0.828374
5,0.322875
2
10,-0.327280
11,-0.249013
2
13,-0.580680
14,0.169560
2
9,0.420752
16,-0.369521
13
15,0.196719
17,0.033928
2
18,0.945146
19,-0.120132
20,