numInputs,2
numNodes,20
numOutputs,1
arity,2
functionSet,add,sub,mul,div,sq,sqrt,tanh,1,0,wire,sin,cos,min,max
3
1,0.751815
0,0.869805
1
1,-0.059376
2,0.826186
2
1,-0.173305
1,0.864361
7
4,0.353865
0,0.920461
12
4,-0.002393
1,-0.491542
2
3,0.373901
5,0.807522
6
3,0.712365
3,0.408273
0
8,-0.609602
0,-0.018833
2
1,0.603745
4,0.180193
0
7,-0.294081
10,0.984519
9
10,0.096710
8,-0.506983
1
8,-0.324280
12,0.797391
9
6,-0.978589
10,0.445962
11
7,-0.420802
13,0.689534
10
11,-0.487803
7,-0.133003
6
14,-0.766086
5,-0.214072
3
15,0.968735
9,-0.129032
3
13,-0.833620
18,-0.026517
1
19,0.231943
17,-0.565175
2
20,0.102164
16,0.306759
21,