numInputs,2
numNodes,16
numOutputs,1
arity,2
functionSet,add,sub,mul,div,sq,sqrt,tanh,1,0,wire,sin,cos,min,max
3
0,0.020274
1,0.501990
6
1,-0.055946
0,-0.568005
12
3,0.576451
0,-0.763168
7
1,-0.918132
1,0.933070
7
1,-0.521392
3,0.962590
2
6,-0.521120
1,-0.081501
0
5,0.296880
4,-0.337820
3
3,-0.273012
8,0.763948
6
0,-0.319837
2,0.209440
13
1,-0.731057
10,-0.281528
9
7,-0.952554
11,0.650105
0
9,-0.443138
0,0.584796
7
12,-0.534891
12,0.307688
6
12,-0.908065
11,-0.980783
1
13,-0.821159
15,0.585272
0
16,-0.823904
14,-0.647694
17,