numInputs,2
numNodes,28
numOutputs,1
arity,2
functionSet,add,sub,mul,div,sq,sqrt,tanh,1,0,wire,sin,cos,min,max
2
0,-0.969840
0,-0.486974
12
0,0.868809
1,0.174337
3
0,0.311417
1,0.590657
11
2,-0.737055
4,0.424074
2
5,-0.578966
4,-0.387052
7
1,-0.980632
3,0.373914
6
4,-0.917145
1,0.262056
1
3,0.329410
4,-0.761257
12
5,0.774318
7,-0.197818
4
8,-0.869381
0,0.885338
9
9,-0.149669
3,0.101806
4
6,-0.911567
10,-0.674247
2
5,-0.117910
10,0.548700
5
11,0.984212
6,-0.673296
0
3,-0.739916
12,0.360623
2
16,-0.381003
16,-0.418148
1
10,-0.935481
13,-0.661338
13
8,0.901815
15,0.236253
1
5,0.727460
14,-0.258766
13
14,-0.486409
18,-0.696258
12
17,-0.505320
11,0.378873
2
22,0.636218
20,0.338293
13
15,-0.761301
21,-0.267500
10
24,0.209829
21,0.617706
13
23,-0.893683
19,0.441009
7
20,0.082975
15,-0.268149
13
26,-0.603342
27,-0.640036
0
28,-0.313693
25,-0.750783
29,