numInputs,2
numNodes,15
numOutputs,1
arity,2
functionSet,add,sub,mul,div,sq,sqrt,tanh,1,0,wire,sin,cos,min,max
9
1,-0.243923
0,-0.199873
5
0,0.022117
2,-0.186966
11
2,-0.625158
3,-0.284233
4
0,-0.711622
1,-0.389887
0
2,-0.955188
5,-0.123257
8
6,-0.596986
6,0.339921
12
7,0.564141
4,-0.895383
1
4,0.444186
3,0.883536
0
9,0.295884
8,-0.193630
12
9,0.894901
10,0.005325
2
11,0.129704
6,0.080661
10
10,0.219293
12,-0.760111
3
1,0.875497
13,-0.960298
1
14,-0.044067
12,-0.503953
4
15,-0.996934
15,0.453643
16,