numInputs,2
numNodes,20
numOutputs,1
arity,2
functionSet,add,sub,mul,div,sq,sqrt,tanh,1,0,wire,sin,cos,min,max
13
1,-0.334691
0,-0.457237
6
0,-0.760787
0,-0.996403
6
0,-0.418799
2,-0.334680
12
3,-0.495263
1,-0.851682
2
4,-0.374248
5,-0.001467
0
6,-0.696666
2,0.801994
11
2,-0.396304
6,0.192041
11
7,0.366438
0,0.249692
5
0,-0.032838
0,-0.991868
12
8,0.726964
6,-0.736206
11
9,0.925256
6,0.644797
3
10,0.709320
11,0.924042
0
12,-0.072452
3,0.634419
1
8,-0.277390
10,0.610235
13
15,0.173721
13,0.666982
4
2,-0.260550
13,-0.040362
6
15,0.229331
2,-0.319417
3
16,0.978358
18,0.513248
3
19,0.779626
14,0.919089
12
17,-0.260211
20,-0.570067
21,