numInputs,2
numNodes,18
numOutputs,1
arity,2
functionSet,add,sub,mul,div,sq,sqrt,tanh,1,0,wire,sin,cos,min,max
13
0,0.829738
1,0.209694
12
2,-0.083897
2,0.037978
3
3,-0.741534
1,0.411781
4
2,0.369542
1,0.740448
4
2,-0.614173
0,0.084858
2
5,-0.297048
4,0.130932
11
1,0.619087
4,0.561423
10
6,-0.712836
6,-0.649258
3
9,-0.587250
7,-0.301454
0
3,-0.912505
1,0.214233
0
11,-0.919691
11,0.356662
5
11,-0.005536
12,0.360349
4
8,0.003235
1,-0.447582
2
14,0.964705
10,-0.330894
5
12,-0.025388
6,-0.424979
10
13,-0.038487
15,-0.395574
3
17,-0.186332
16,0.897324
13
15,-0.085364
18,0.998422
19,