numInputs,2
numNodes,15
numOutputs,1
arity,2
functionSet,add,sub,mul,div,sq,sqrt,tanh,1,0,wire,sin,cos,min,max
12
1,-0.019533
1,0.626000
10
0,0.932528
2,0.680315
5
2,-0.557064
1,0.747496
6
4,-0.276696
2,0.116996
12
3,0.735019
2,0.671451
4
6,0.496237
5,-0.094452
9
4,0.367081
0,0.028202
2
7,0.499791
8,-0.141969
0
5,-0.695016
9,-0.023701
12
10,0.148837
2,-0.814681
2
1,0.811288
3,0.749332
3
12,0.079652
11,-0.193801
11
13,-0.875085
13,-0.096742
11
14,0.552115
13,-0.377808
9
15,-0.537968
12,0.766776
16,