numInputs,2
numNodes,15
numOutputs,1
arity,2
functionSet,add,sub,mul,div,sq,sqrt,tanh,1,0,wire,sin,cos,min,max
2
0,-0.210446
0,-0.576507
3
1,-0.399453
0,-0.009630
1
3,0.217535
0,-0.407983
9
4,0.834800
2,0.208447
10
5,-0.700522
1,0.009050
6
1,-0.573704
2,0.570384
5
7,-0.556488
7,-0.417702
11
3,-0.377860
7,0.362915
10
9,-0.963957
7,0.882246
4
6,-0.842217
4,-0.040383
13
6,0.268202
9,0.699435
1
10,-0.818102
12,0.968867
1
11,-0.424145
8,-0.419020
4
14,-0.770983
14,0.203176
1
13,-0.084650
15,-0.247963
16,