numInputs,2
numNodes,17
numOutputs,1
arity,2
functionSet,add,sub,mul,div,sq,sqrt,tanh,1,0,wire,sin,cos,min,max
10
0,-0.239374
1,-0.749137
5
0,-0.727772
0,0.183041
12
3,0.666536
3,0.907095
0
4,0.126720
4,0.862666
1
1,-0.637534
5,0.992482
2
5,0.791205
0,-0.399206
13
2,0.894742
6,-0.465588
8
0,0.237862
8,0.299596
2
2,0.485454
9,-0.753873
7
8,0.073135
6,-0.272171
9
8,-0.154654
9,0.455830
9
10,0.599562
12,0.621546
13
5,-0.102056
13,-0.952511
6
11,0.324941
14,-0.312570
3
7,0.076667
15,0.701761
3
16,-0.006548
12,-0.893141
10
17,0.693344
16,-0.553055
18,