numInputs,2
numNodes,16
numOutputs,1
arity,2
functionSet,add,sub,mul,div,sq,sqrt,tanh,1,0,wire,sin,cos,min,max
7
0,0.310093
0,-0.601598
11
0,-0.440404
2,-0.479102
3
1,0.500594
0,0.553498
1
0,-0.100169
4,0.503519
0
2,-0.498255
3,-0.554076
1
4,-0.359504
6,0.663114
13
6,0.053816
5,-0.524839
7
2,-0.152658
5,0.581199
10
9,-0.728876
9,0.151715
2
10,-0.430826
7,-0.507506
5
11,0.490562
9,0.797253
11
12,0.558468
3,0.548228
13
11,0.440394
8,-0.213741
3
3,0.623046
13,-0.518242
10
14,-0.149683
15,-0.052999
3
16,-0.522963
15,0.221024
17,