numInputs,2
numNodes,22
numOutputs,1
arity,2
functionSet,add,sub,mul,div,sq,sqrt,tanh,1,0,wire,sin,cos,min,max
5
0,0.283875
1,-0.676150
5
0,0.555520
0,0.000429
13
2,0.317399
1,-0.805460
6
0,0.538099
4,-0.347081
1
2,-0.254453
0,0.310355
11
3,-0.241188
1,-0.667982
9
7,-0.392163
7,0.345726
7
5,-0.893407
7,-0.506560
10
2,-0.151655
8,0.083271
3
1,-0.924397
0,0.791829
12
5,-0.480348
6,0.108603
3
6,0.956840
8,0.590156
9
12,-0.333754
4,-0.179050
0
10,0.334014
11,-0.809437
1
9,0.839376
15,0.054424
4
16,0.638092
7,-0.182197
13
17,-0.249840
13,-0.166272
2
18,0.087330
14,0.948678
4
19,-0.008282
10,-0.447914
7
18,-0.040157
20,0.361536
6
20,-0.898025
21,-0.705717
9
22,-0.345458
22,-0.943887
23,