numInputs,2
numNodes,20
numOutputs,1
arity,2
functionSet,add,sub,mul,div,sq,sqrt,tanh,1,0,wire,sin,cos,min,max
7
1,-0.531287
1,0.817103
13
0,0.030572
2,-0.075848
0
2,-0.478576
2,-0.351963
3
1,-0.785219
4,0.308824
4
2,0.367984
1,-0.574855
11
5,0.102293
6,-0.061246
10
3,-0.029003
6,-0.747295
1
8,0.380764
7,0.868514
9
3,0.451647
8,0.684530
9
9,-0.144137
6,-0.354590
3
11,-0.979951
6,0.851022
11
4,-0.618694
7,-0.896604
2
13,-0.706676
6,-0.051945
10
0,0.908428
5,0.687965
1
12,-0.485156
14,-0.494600
4
16,0.873266
9,-0.198532
12
17,-0.696509
15,-0.337943
3
4,0.583310
10,0.552580
13
18,-0.846357
17,-0.992499
12
19,0.486683
20,0.340848
21,