numInputs,2
numNodes,18
numOutputs,1
arity,2
functionSet,add,sub,mul,div,sq,sqrt,tanh,1,0,wire,sin,cos,min,max
7
0,0.114416
1,0.761008
13
0,0.700104
1,0.334204
10
3,-0.356762
1,0.229060
11
2,0.756974
2,-0.739300
0
2,0.335851
1,0.662886
9
4,0.769399
3,-0.415749
2
4,0.375673
7,0.228648
1
3,0.071707
5,-0.600142
12
8,-0.371403
5,-0.182759
2
10,-0.795868
6,-0.659609
0
11,-0.410965
7,0.204021
4
9,0.758491
12,0.061220
1
13,0.111181
12,0.997221
7
12,0.719259
8,0.268689
13
4,0.568103
15,0.304692
6
16,-0.006902
14,0.673609
4
13,-0.372452
6,-0.233486
6
18,0.179385
17,0.779367
19,