numInputs,2
numNodes,17
numOutputs,1
arity,2
functionSet,add,sub,mul,div,sq,sqrt,tanh,1,0,wire,sin,cos,min,max
7
0,-0.660061
0,0.622830
6
0,-0.967709
2,-0.504740
3
3,0.922395
0,-0.611209
4
0,-0.585154
4,0.846549
4
1,0.399628
5,-0.320362
9
4,-0.962870
2,-0.923486
6
6,-0.531371
3,-0.347636
5
6,0.584761
8,-0.305264
3
7,-0.500600
8,0.875823
6
3,-0.176649
10,0.621109
2
11,0.698950
9,0.879560
1
5,0.512002
1,-0.634770
8
11,-0.448450
11,-0.949127
1
12,-0.576331
14,-0.481844
10
15,-0.743803
15,-0.435325
5
13,-0.026098
15,-0.159670
12
17,-0.577242
16,-0.948552
18,