numInputs,2
numNodes,25
numOutputs,1
arity,2
functionSet,add,sub,mul,div,sq,sqrt,tanh,1,0,wire,sin,cos,min,max
7
0,-0.348009
0,0.694607
1
0,0.535474
2,-0.605124
7
1,0.656921
2,-0.408314
13
3,0.963670
3,0.769191
10
5,0.022072
5,0.754421
12
4,0.627892
3,-0.282965
0
0,-0.236502
3,0.158374
1
0,0.203306
1,0.427129
3
9,-0.099067
6,-0.733072
1
6,-0.860202
5,0.752610
12
10,0.758334
8,0.767544
9
7,0.519124
12,-0.172767
7
13,0.424182
12,-0.064312
11
14,-0.622993
13,0.428193
11
15,-0.901848
13,-0.887319
3
8,0.523281
6,-0.474139
3
13,-0.243611
16,0.844714
0
17,-0.278338
18,0.550066
5
8,-0.342024
12,-0.784747
10
19,-0.601100
12,-0.048114
9
12,-0.303575
19,0.772280
13
21,-0.237744
11,-0.986122
0
2,-0.385217
23,-0.177003
0
20,-0.501701
24,-0.854405
2
25,0.823142
22,0.314041
26,