numInputs,2
numNodes,17
numOutputs,1
arity,2
functionSet,add,sub,mul,div,sq,sqrt,tanh,1,0,wire,sin,cos,min,max
5
1,-0.972784
1,0.698230
1
0,-0.049921
2,-0.946367
1
2,-0.586084
3,-0.334806
9
2,0.104829
0,0.412337
7
2,-0.000829
4,0.045651
0
6,-0.827585
5,0.760099
7
5,-0.365135
1,0.867123
5
4,-0.801138
4,-0.474642
3
1,0.982677
8,0.759173
12
10,-0.459046
5,0.356862
13
7,-0.542304
3,-0.177069
12
11,0.169934
0,0.230123
4
9,-0.082182
7,-0.143268
0
0,0.755255
12,0.283613
10
15,0.860619
12,0.213384
12
13,-0.865542
14,0.952967
12
16,-0.638052
17,-0.692496
18,