numInputs,2
numNodes,19
numOutputs,1
arity,2
functionSet,add,sub,mul,div,sq,sqrt,tanh,1,0,wire,sin,cos,min,max
7
1,0.920532
0,-0.826851
13
2,0.155727
0,0.523858
4
3,0.970997
3,-0.418683
10
4,0.369242
3,-0.030510
5
4,-0.930754
5,-0.089351
2
1,0.080797
5,0.011496
0
6,0.703045
7,-0.799640
10
7,0.378360
8,-0.552926
13
8,0.558216
9,-0.450365
6
9,-0.412075
5,-0.459842
12
1,0.759108
2,-0.438723
2
12,-0.686740
11,0.688658
4
13,-0.482810
8,-0.495912
10
10,0.993790
8,0.962700
5
14,-0.115027
5,0.651819
10
15,0.701043
2,0.799552
9
16,-0.801929
14,-0.072209
9
18,0.988428
12,-0.368692
13
17,-0.626627
19,-0.584787
20,