numInputs,2
numNodes,17
numOutputs,1
arity,2
functionSet,add,sub,mul,div,sq,sqrt,tanh,1,0,wire,sin,cos,min,max
7
1,-0.804016
1,0.687970
9
0,-0.528288
1,-0.509771
11
2,0.881120
3,-0.824331
2
4,-0.661436
3,-0.571912
11
2,-0.807112
1,0.674268
7
5,0.498026
6,-0.979941
1
1,0.110480
5,0.787337
5
1,-0.671916
8,-0.533900
6
6,-0.641132
9,-0.217861
12
9,0.201002
10,-0.457281
1
7,0.914449
9,-0.282650
5
8,0.205013
12,0.614980
3
1,0.616787
12,0.991584
12
11,0.195475
14,-0.047709
1
15,-0.011516
13,0.166843
10
16,-0.734920
12,0.960673
4
17,-0.204347
16,0.274753
18,