numInputs,2
numNodes,18
numOutputs,1
arity,2
functionSet,add,sub,mul,div,sq,sqrt,tanh,1,0,wire,sin,cos,min,max
9
0,-0.969064
0,-0.607155
0
2,-0.376353
0,-0.381028
13
3,-0.663439
3,0.103623
0
3,-0.679832
3,0.183843
13
1,-0.281765
0,0.759146
5
4,0.050825
2,0.330043
9
7,0.289024
5,0.244676
6
5,0.188206
8,0.680636
3
8,0.008415
6,-0.768536
2
3,-0.196274
10,-0.192552
11
11,-0.577106
5,-0.590372
11
7,-0.807308
6,-0.682725
10
12,-0.145121
3,0.872166
0
13,0.321271
6,0.575218
5
15,0.199480
15,-0.397144
6
16,0.845708
9,-0.956662
6
9,0.040241
17,0.991570
3
14,0.987611
18,-0.755125
19,