numInputs,2
numNodes,29
numOutputs,1
arity,2
functionSet,add,sub,mul,div,sq,sqrt,tanh,1,0,wire,sin,cos,min,max
2
1,-0.235880
0,0.909354
0
2,-0.484035
0,0.391027
1
3,-0.020027
3,0.437144
1
4,0.751539
2,0.129428
10
4,0.166156
3,-0.388002
5
0,-0.082587
6,-0.180207
9
0,-0.648457
7,-0.305274
10
7,-0.091189
3,0.363125
10
7,-0.321078
7,-0.739720
2
1,0.358759
8,0.709001
5
3,-0.286055
5,0.687279
10
7,-0.612975
5,-0.954514
2
6,0.590166
7,-0.706396
11
11,-0.549765
12,0.179546
8
1,-0.952201
8,0.875962
13
10,-0.420914
1,0.844988
1
13,-0.376751
5,0.263889
1
16,0.837851
12,0.147776
1
18,-0.800296
15,-0.505816
6
20,0.858066
4,-0.452898
3
21,0.289069
17,-0.987510
8
21,-0.384233
22,-0.684584
10
19,-0.607761
22,-0.516347
0
13,0.269643
14,0.049304
6
25,0.539218
24,-0.376484
6
9,0.679976
23,-0.054999
4
26,-0.173474
26,0.431505
0
22,0.034658
27,-0.529867
3
28,-0.648250
29,-0.450780
30,