numInputs,2
numNodes,17
numOutputs,1
arity,2
functionSet,add,sub,mul,div,sq,sqrt,tanh,1,0,wire,sin,cos,min,max
0
1,-0.552236
1,0.491087
1
2,-0.025965
1,-0.351609
2
0,-0.251648
1,0.049616
12
0,-0.878147
4,-0.063656
6
3,-0.542527
0,0.993161
12
6,0.149828
5,0.284859
1
6,-0.627473
5,-0.951114
5
7,0.459296
3,-0.200209
1
8,-0.694371
4,0.103796
13
5,-0.653670
3,-0.202791
2
10,0.740897
9,0.711383
1
11,0.107781
0,0.169189
9
13,-0.510502
13,0.492598
1
0,0.285899
14,-0.215241
6
12,0.153168
5,0.530176
12
15,0.327154
16,0.271944
5
17,0.108261
17,-0.189607
18,