numInputs,2
numNodes,15
numOutputs,1
arity,2
functionSet,add,sub,mul,div,sq,sqrt,tanh,1,0,wire,sin,cos,min,max
3
0,-0.515140
1,0.957303
12
1,-0.313879
1,-0.695806
3
3,-0.030404
2,0.855491
7
0,0.565739
1,0.868857
11
1,0.438907
0,0.507242
0
1,0.156790
5,0.389216
5
7,-0.964506
1,-0.218830
11
6,-0.087719
0,-0.158302
2
9,0.653481
8,-0.760187
12
0,0.650153
4,-0.512157
3
0,0.588641
10,0.847164
10
12,-0.413181
11,-0.781379
0
13,0.959832
11,-0.493831
0
14,0.168468
8,0.659019
2
15,-0.168757
13,0.041992
16,