numInputs,2
numNodes,27
numOutputs,1
arity,2
functionSet,add,sub,mul,div,sq,sqrt,tanh,1,0,wire,sin,cos,min,max
7
0,0.782772
1,0.070301
4
2,-0.719479
1,0.486862
1
0,-0.313516
2,-0.211206
3
3,-0.949173
1,-0.505154
1
5,-0.103343
2,0.915926
5
0,0.218049
1,-0.579132
0
2,-0.165436
7,0.760424
7
6,0.534676
1,-0.297391
13
9,0.106264
7,0.138215
1
10,0.159780
9,-0.501985
5
1,-0.221152
4,-0.939356
10
12,-0.896211
4,-0.908744
0
11,-0.511058
6,-0.823401
0
4,-0.830851
4,0.959006
3
7,0.415715
15,0.877049
9
16,0.573388
14,0.228237
9
13,-0.410365
11,0.939482
10
18,0.464654
11,-0.950124
13
8,-0.763919
18,-0.356528
2
14,0.859661
0,-0.886564
0
19,-0.347519
17,-0.053084
11
20,-0.957456
20,-0.874769
11
8,-0.993283
11,-0.606345
4
23,-0.753150
21,0.505242
3
22,-0.783325
24,-0.676879
12
21,-0.844289
26,-0.588203
6
25,0.721685
27,0.402787
28,