numInputs,2
numNodes,18
numOutputs,1
arity,2
functionSet,add,sub,mul,div,sq,sqrt,tanh,1,0,wire,sin,cos,min,max
0
0,-0.432139
0,0.646007
0
1,-0.513578
0,0.400835
11
3,-0.431960
2,-0.336446
2
4,0.671098
2,0.580109
4
1,0.356821
0,0.144159
3
1,-0.196486
6,-0.884630
4
1,-0.742468
5,0.447171
3
7,-0.512035
5,0.662274
7
5,0.951019
9,-0.828403
9
1,-0.780635
5,0.580793
1
11,-0.823338
10,-0.766287
3
2,-0.076060
8,0.052966
6
6,0.087056
6,0.404074
1
9,-0.166393
13,0.929561
6
15,0.529163
14,-0.094241
0
16,0.523221
12,-0.054411
4
17,0.891966
17,-0.925697
10
18,0.990438
17,0.721101
19,