numInputs,2
numNodes,16
numOutputs,1
arity,2
functionSet,add,sub,mul,div,sq,sqrt,tanh,1,0,wire,sin,cos,min,max
10
0,-0.398986
0,0.759911
2
0,-0.342433
0,-0.851121
9
1,-0.115035
2,-0.524949
11
3,-0.582487
3,0.905886
7
5,-0.123423
0,0.893980
1
5,0.690999
6,0.912278
0
4,-0.410541
6,0.996950
5
7,0.028024
5,-0.023482
3
9,0.034990
8,0.751561
1
9,-0.606594
5,0.945325
13
2,-0.743820
9,-0.277421
13
10,-0.301017
12,-0.131265
1
11,-0.591209
13,0.934448
2
14,-0.979862
4,0.556566
5
15,0.927003
14,0.485831
11
16,0.261447
8,0.375032
17,