numInputs,2
numNodes,17
numOutputs,1
arity,2
functionSet,add,sub,mul,div,sq,sqrt,tanh,1,0,wire,sin,cos,min,max
5
0,-0.438690
0,0.465456
5
2,0.312506
2,0.932888
7
2,0.372655
2,0.946816
1
4,-0.065619
4,-0.223942
3
1,0.881809
3,-0.045094
7
3,0.589511
6,0.662798
9
5,0.742234
1,-0.868577
8
7,0.941062
6,0.299850
2
7,0.125637
1,-0.407777
8
10,0.676853
10,0.218627
5
10,-0.832718
6,-0.035577
0
6,0.541330
11,-0.431179
3
9,0.349556
8,-0.681376
0
13,-0.546249
12,-0.092637
11
14,0.269782
14,-0.970790
13
15,-0.584722
16,-0.511635
11
17,-0.517862
12,0.054673
18,