numInputs,2
numNodes,20
numOutputs,1
arity,2
functionSet,add,sub,mul,div,sq,sqrt,tanh,1,0,wire,sin,cos,min,max
0
0,0.895114
0,0.451876
5
2,-0.578740
2,-0.761833
6
1,-0.532215
0,0.089021
12
0,0.705039
4,-0.587687
5
2,-0.344516
4,-0.542701
12
3,-0.426667
3,0.602997
11
3,0.526047
4,0.560222
2
1,-0.382499
8,-0.192119
6
7,0.569966
7,-0.517065
2
8,0.671552
6,-0.906014
0
10,-0.918797
10,0.207829
12
12,-0.499144
9,0.887046
12
13,-0.536922
11,-0.492497
10
6,0.956555
14,-0.896303
3
6,0.106987
5,-0.390181
12
15,0.112235
14,0.378089
10
16,-0.317274
4,-0.829268
9
17,0.704737
14,-0.917139
0
18,0.306945
19,0.341578
5
20,-0.687414
0,-0.842059
21,