numInputs,2
numNodes,28
numOutputs,1
arity,2
functionSet,add,sub,mul,div,sq,sqrt,tanh,1,0,wire,sin,cos,min,max
4
1,0.491158
0,0.371823
1
0,0.077240
1,-0.061679
2
1,-0.408310
0,0.920121
10
4,0.156482
2,-0.566424
10
0,-0.882408
0,0.449086
9
0,-0.118905
4,-0.055509
8
2,-0.218331
6,-0.982435
3
0,0.863595
6,0.481266
5
3,0.766153
7,-0.677702
9
3,0.226436
6,-0.398395
10
0,-0.343286
10,-0.876000
0
9,-0.837065
6,0.198805
12
12,-0.438448
7,-0.503900
13
8,-0.917240
2,-0.892790
5
14,0.471226
13,0.163910
1
15,-0.512104
13,-0.840174
11
14,0.274273
3,-0.078359
0
11,0.983667
17,-0.943362
1
3,0.312277
16,-0.413876
0
13,-0.426565
20,0.013531
1
10,0.673322
5,0.902312
11
22,-0.928033
21,-0.105945
10
18,-0.764055
20,-0.706220
9
21,0.404047
14,0.771256
1
23,-0.073490
24,0.415563
0
1,-0.797574
26,-0.280200
2
27,0.479038
19,-0.434375
12
25,0.737261
28,0.156242
29,