numInputs,2
numNodes,15
numOutputs,1
arity,2
functionSet,add,sub,mul,div,sq,sqrt,tanh,1,0,wire,sin,cos,min,max
11
1,-0.132854
1,-0.689907
4
1,-0.216659
2,0.462845
11
3,0.602282
1,-0.499210
2
3,-0.811747
2,0.475758
0
3,0.141309
3,-0.930199
5
5,0.950661
4,-0.420262
5
4,-0.020790
7,0.229284
9
6,0.449294
3,-0.066426
1
7,-0.682662
0,-0.074317
4
6,0.757946
6,-0.281968
6
9,0.673499
8,-0.977155
6
12,-0.582556
10,0.473708
4
11,0.443920
9,0.382290
3
14,-0.449089
10,-0.057975
12
15,0.730253
13,0.124781
16,