numInputs,2
numNodes,16
numOutputs,1
arity,2
functionSet,add,sub,mul,div,sq,sqrt,tanh,1,0,wire,sin,cos,min,max
9
1,0.162943
0,-0.773921
6
1,-0.307244
0,0.258145
10
3,-0.876499
2,-0.243093
13
2,-0.523801
2,-0.705359
12
5,0.613624
3,-0.371314
7
0,-0.731348
6,-0.716634
2
6,-0.746027
3,-0.971286
8
6,0.734260
7,0.550047
6
8,-0.617707
9,-0.776170
12
7,-0.369053
4,-0.148048
10
10,-0.643800
11,-0.991780
4
11,-0.574643
12,-0.298941
11
13,-0.334852
12,-0.428738
4
14,0.534905
14,0.454627
1
15,0.869211
8,0.674276
2
12,0.821267
16,0.700581
17,