numInputs,2
numNodes,20
numOutputs,1
arity,2
functionSet,add,sub,mul,div,sq,sqrt,tanh,1,0,wire,sin,cos,min,max
7
0,-0.067390
0,-0.231669
4
0,0.882316
0,-0.790450
12
2,-0.687441
1,-0.978886
2
0,-0.201855
3,-0.211690
9
0,0.884372
4,0.428416
11
4,0.532273
2,-0.539025
0
5,-0.607347
6,-0.723456
9
3,0.406831
5,0.476955
2
6,-0.895841
1,0.885636
6
5,0.289895
0,-0.991040
5
11,0.977525
8,-0.687360
11
8,-0.103377
7,0.131740
1
7,-0.381416
13,-0.567474
5
10,-0.304223
13,-0.522660
9
15,-0.541917
14,0.177672
9
12,0.219003
8,0.562771
5
9,0.392513
14,0.641538
1
14,0.038984
17,0.077010
13
18,0.370990
16,-0.238598
3
20,0.726149
19,-0.587506
21,