numInputs,2
numNodes,25
numOutputs,1
arity,2
functionSet,add,sub,mul,div,sq,sqrt,tanh,1,0,wire,sin,cos,min,max
6
1,-0.745598
0,0.191224
13
0,0.517631
0,0.608833
3
1,-0.273859
1,0.151859
0
3,-0.832448
1,-0.546515
11
3,-0.732786
4,0.637875
9
5,-0.286513
1,-0.522841
0
7,-0.650466
7,-0.286691
7
8,0.948775
8,0.343270
4
3,0.147812
9,-0.377446
1
9,-0.274848
4,-0.694804
6
8,-0.266417
10,0.122816
2
5,-0.156138
6,-0.595276
1
2,0.359059
6,-0.205980
10
14,0.094190
9,0.481317
11
13,-0.354670
10,-0.592730
2
15,-0.744661
3,-0.852116
12
17,-0.866410
11,0.652980
0
4,-0.224383
18,-0.138304
9
12,0.534187
10,0.121479
1
19,-0.488001
20,0.967727
10
21,0.895463
21,0.564291
12
16,-0.111484
22,0.752300
1
23,-0.621121
9,0.105127
8
24,-0.821573
24,0.584733
1
25,-0.780653
24,-0.737246
26,