numInputs,2
numNodes,26
numOutputs,1
arity,2
functionSet,add,sub,mul,div,sq,sqrt,tanh,1,0,wire,sin,cos,min,max
8
0,0.131579
0,0.855516
1
2,-0.249167
2,-0.543190
1
2,-0.734592
2,-0.415415
13
1,0.351726
4,-0.715656
10
2,-0.612367
3,-0.747835
7
3,-0.554073
4,0.185768
0
7,0.669390
4,-0.534412
5
0,0.282370
0,0.467976
8
5,-0.533758
5,-0.946021
1
3,0.506463
6,0.497431
12
1,0.339493
8,0.392684
11
2,-0.513985
8,-0.562136
1
13,-0.867876
11,-0.406321
10
9,-0.195363
13,-0.628818
1
10,-0.381400
0,0.297620
1
3,-0.736977
5,0.859498
1
16,0.884437
11,-0.243477
11
12,0.276209
3,-0.549152
6
15,-0.261728
19,-0.925139
5
18,0.958490
17,-0.759650
2
20,-0.976840
17,-0.799801
13
14,0.820072
22,-0.743590
11
23,0.827621
21,-0.905124
9
24,-0.786155
24,0.966439
0
25,-0.039323
21,0.122107
9
26,0.704879
22,-0.309964
27,