numInputs,2
numNodes,17
numOutputs,1
arity,2
functionSet,add,sub,mul,div,sq,sqrt,tanh,1,0,wire,sin,cos,min,max
0
0,0.415029
1,-0.228318
0
2,-0.067336
2,-0.705551
6
2,-0.891377
2,0.977615
10
0,0.996375
0,0.890301
7
0,0.019263
1,0.398631
0
4,-0.639719
3,-0.858968
5
6,0.173372
2,-0.789693
2
8,-0.212087
7,0.762683
11
9,-0.161597
2,0.606818
11
9,0.883494
6,-0.863326
11
10,-0.082015
3,-0.319273
6
2,-0.831655
5,0.150528
3
7,-0.188406
11,0.928386
0
12,-0.089930
0,-0.083635
5
15,0.765309
15,-0.128958
13
14,-0.688980
13,0.934198
3
17,0.436242
16,0.523777
18,