numInputs,2
numNodes,18
numOutputs,1
arity,2
functionSet,add,sub,mul,div,sq,sqrt,tanh,1,0,wire,sin,cos,min,max
4
0,-0.293714
0,-0.849316
1
2,0.398912
0,0.597655
6
0,0.564092
1,-0.579300
11
2,-0.948845
2,0.842657
1
1,-0.294134
4,0.713277
7
0,-0.733448
1,0.069217
3
3,-0.927796
2,0.404247
2
6,-0.616655
5,-0.271274
8
8,-0.980366
0,-0.045741
0
7,-0.797785
9,0.295262
9
11,-0.473105
3,-0.051061
1
12,0.615549
10,-0.201575
10
3,0.284226
3,0.597368
12
1,0.827786
8,0.899370
12
14,-0.544382
15,-0.590741
11
16,0.585978
8,-0.691128
11
13,-0.959157
3,-0.577890
6
17,-0.989912
18,0.954428
19,