numInputs,2
numNodes,16
numOutputs,1
arity,2
functionSet,add,sub,mul,div,sq,sqrt,tanh,1,0,wire,sin,cos,min,max
2
0,-0.844804
1,-0.434552
11
0,-0.212741
0,-0.988421
10
2,-0.479724
3,-0.945050
12
2,-0.254544
4,0.269463
12
3,0.994197
1,-0.457800
5
1,0.775668
5,0.631951
6
7,-0.357244
6,-0.693706
4
8,-0.055581
4,-0.456106
11
9,-0.485985
4,0.350520
12
6,-0.099872
5,-0.013544
6
10,0.172965
11,0.971767
8
11,0.778438
1,0.374770
0
11,-0.669545
13,-0.649376
7
12,-0.649909
12,-0.048111
12
14,-0.832153
15,0.895474
1
16,0.764933
12,0.339101
17,