numInputs,2
numNodes,37
numOutputs,1
arity,2
functionSet,add,sub,mul,div,sq,sqrt,tanh,1,0,wire,sin,cos,min,max
4
0,-0.216752
0,0.403097
2
0,0.218223
0,-0.123579
9
3,0.134437
2,0.604705
3
0,0.245720
1,0.345121
11
3,0.575529
2,-0.660886
12
2,0.941602
6,-0.242770
7
3,-0.745299
4,0.254409
11
5,0.636915
5,-0.321306
12
3,-0.506040
5,0.497560
13
0,0.504068
3,-0.729558
13
5,-0.761609
8,-0.863533
9
4,-0.070641
5,-0.564969
5
6,0.626675
6,-0.724033
12
9,0.584977
10,-0.308583
10
8,-0.597589
12,0.835856
8
5,-0.139561
12,-0.358085
6
15,-0.897791
14,-0.492956
3
9,-0.681877
17,0.969108
13
10,-0.850706
2,0.224560
2
13,0.867288
20,0.978509
7
6,-0.098089
17,0.958692
3
22,0.626093
18,0.239156
5
19,-0.516906
5,-0.224636
10
1,0.751513
6,-0.726894
9
7,-0.970530
13,0.151665
2
16,-0.916412
11,-0.756389
11
23,0.414131
21,0.261284
6
10,-0.962607
12,0.180105
3
21,-0.057773
26,0.514298
0
28,0.749882
24,-0.403821
6
27,0.286684
25,0.845460
2
31,-0.942429
27,-0.255841
0
30,0.429939
33,-0.484148
5
32,-0.844059
31,-0.011413
9
34,0.031232
33,0.494312
12
35,-0.646741
36,0.419026
0
37,0.736870
29,-0.089339
38,