numInputs,2
numNodes,16
numOutputs,1
arity,2
functionSet,add,sub,mul,div,sq,sqrt,tanh,1,0,wire,sin,cos,min,max
6
0,0.996586
0,0.746402
10
2,-0.392336
1,-0.469090
3
0,0.196307
1,-0.946171
12
4,-0.870413
1,-0.881128
12
3,-0.282047
3,0.025572
8
1,0.286158
2,0.927828
2
0,0.015308
6,0.893660
11
4,0.928534
6,-0.877904
0
0,0.486659
9,-0.198881
0
5,-0.332281
10,-0.471695
4
3,-0.331655
11,-0.378064
4
11,-0.662713
6,0.677829
0
13,-0.088349
8,0.650938
10
14,0.668255
11,-0.838645
13
15,0.117414
7,0.759547
0
12,0.096330
16,-0.148640
17,