numInputs,2
numNodes,25
numOutputs,1
arity,2
functionSet,add,sub,mul,div,sq,sqrt,tanh,1,0,wire,sin,cos,min,max
7
0,0.714165
0,-0.110707
2
2,0.583984
2,0.728044
6
3,-0.263096
3,-0.525380
3
1,0.387077
0,-0.912081
8
5,-0.857898
0,-0.942739
5
5,-0.323493
4,-0.909258
2
1,0.770834
5,-0.965214
13
6,-0.603767
5,-0.419524
5
1,-0.309451
1,-0.425350
10
10,-0.471648
2,0.143048
2
2,0.721522
10,-0.018813
8
6,-0.560563
5,-0.404852
3
4,0.200268
13,-0.247113
0
11,0.661441
7,-0.209426
3
12,-0.824869
14,0.412172
9
12,-0.995452
2,-0.253360
12
16,0.326920
8,-0.674338
0
8,0.516742
17,0.610383
8
19,-0.832067
17,0.182807
9
9,-0.192967
8,-0.592499
2
15,0.101324
19,0.738299
11
18,-0.110751
22,-0.489323
13
22,0.342248
21,0.233601
0
24,-0.353111
23,0.569044
6
25,-0.772990
20,0.798871
26,