numInputs,2
numNodes,23
numOutputs,1
arity,2
functionSet,add,sub,mul,div,sq,sqrt,tanh,1,0,wire,sin,cos,min,max
2
0,-0.100992
0,-0.971051
7
0,-0.806935
1,-0.741248
0
0,-0.320574
2,0.694990
2
1,0.230663
4,-0.951954
13
4,0.721132
2,-0.223269
11
6,-0.047617
0,0.823315
7
7,-0.850163
5,-0.542273
6
2,0.157741
0,0.308963
3
8,-0.699594
7,-0.221592
11
5,0.891265
6,0.654427
10
11,-0.534718
10,-0.007371
4
1,0.941819
7,0.072912
0
6,-0.328091
11,0.081724
6
9,0.375075
12,-0.773213
9
13,0.720634
14,-0.084320
3
3,0.957100
10,-0.564209
5
14,0.902743
8,-0.699227
11
16,-0.741068
18,-0.336425
3
17,0.122671
18,-0.320047
10
11,-0.026433
6,0.227546
3
15,0.373031
19,-0.905385
6
20,-0.948214
22,0.108919
13
23,-0.629987
21,0.054947
24,