numInputs,2
numNodes,16
numOutputs,1
arity,2
functionSet,add,sub,mul,div,sq,sqrt,tanh,1,0,wire,sin,cos,min,max
4
1,0.190280
0,-0.603930
0
2,-0.240913
0,-0.126659
11
1,-0.764717
0,0.208831
12
2,-0.153208
4,0.288744
7
5,0.751703
5,-0.343177
12
4,0.217097
5,0.429607
10
2,0.951715
0,0.316787
6
8,-0.359690
1,0.425414
11
9,0.391232
4,0.845333
0
3,0.713995
7,-0.626668
7
10,-0.040538
9,-0.801168
0
6,-0.513201
7,-0.735732
13
13,-0.936879
10,0.970523
1
14,0.329745
12,0.181989
2
11,0.892966
15,-0.504808
11
16,0.415843
16,0.298621
17,