numInputs,2
numNodes,15
numOutputs,1
arity,2
functionSet,add,sub,mul,div,sq,sqrt,tanh,1,0,wire,sin,cos,min,max
3
0,0.795703
0,-0.902043
8
2,0.953631
0,0.443213
10
0,-0.743878
0,-0.019369
13
1,0.578773
2,0.369217
7
5,0.106264
1,-0.025073
11
3,0.903608
1,-0.728108
1
5,0.646047
4,0.615850
2
7,-0.715197
0,0.350376
13
9,0.005992
6,0.399850
2
8,-0.908535
10,0.006787
7
11,0.235554
11,-0.874310
11
12,-0.600947
12,0.528482
9
13,0.785062
13,-0.000173
11
11,0.666449
14,0.072862
13
15,0.643015
14,0.555464
16,