numInputs,2
numNodes,19
numOutputs,1
arity,2
functionSet,add,sub,mul,div,sq,sqrt,tanh,1,0,wire,sin,cos,min,max
5
1,0.675836
0,-0.665325
8
1,0.366678
0,0.264772
13
3,-0.067970
1,0.998259
1
2,-0.101303
1,-0.175189
0
0,0.835904
5,0.323815
0
2,-0.167891
0,0.920710
12
7,0.193857
6,-0.850793
6
5,-0.465996
7,0.457857
7
8,0.458266
1,-0.426506
6
6,-0.566608
4,-0.633724
13
0,-0.732943
8,-0.393765
9
10,-0.110520
7,0.086435
12
12,-0.308529
6,-0.602683
2
14,0.161390
11,0.883074
4
9,-0.718446
5,0.719590
11
13,0.768945
5,-0.469700
3
11,0.842900
16,-0.862271
6
15,0.406825
17,0.258942
3
18,-0.873604
19,0.243242
20,