numInputs,2
numNodes,17
numOutputs,1
arity,2
functionSet,add,sub,mul,div,sq,sqrt,tanh,1,0,wire,sin,cos,min,max
1
1,0.717557
1,0.735041
0
1,-0.300616
1,-0.479680
12
2,-0.577503
1,0.847499
9
4,-0.260671
2,0.097008
10
3,-0.892354
5,-0.991051
10
5,-0.010027
3,0.200754
12
1,0.403255
3,0.888751
0
6,0.865730
7,-0.375819
0
9,-0.507216
0,0.412394
3
10,-0.353358
6,-0.396474
12
8,0.041927
8,-0.086004
9
11,-0.493533
2,0.741417
6
12,-0.410235
13,0.243210
4
14,0.654177
7,0.099289
4
15,0.873050
13,0.581203
5
16,-0.611469
10,-0.091330
4
17,0.578313
14,-0.177735
18,