numInputs,2
numNodes,15
numOutputs,1
arity,2
functionSet,add,sub,mul,div,sq,sqrt,tanh,1,0,wire,sin,cos,min,max
6
0,-0.691668
1,0.684476
3
1,-0.770289
2,-0.659605
7
3,0.283059
0,0.263735
4
1,-0.656567
0,-0.491116
5
5,0.634201
4,-0.122605
6
0,0.092712
2,-0.990023
0
3,-0.340309
1,0.192408
1
3,-0.834528
7,-0.482955
5
9,-0.421406
2,0.636939
5
8,0.677110
9,-0.230235
5
6,-0.939230
1,0.889176
1
4,-0.530008
10,0.440832
12
12,0.225426
13,-0.220932
1
11,0.294863
14,-0.763991
11
15,-0.203340
14,0.808065
16,