numInputs,2
numNodes,17
numOutputs,1
arity,2
functionSet,add,sub,mul,div,sq,sqrt,tanh,1,0,wire,sin,cos,min,max
3
1,-0.290816
0,0.308471
7
1,-0.167333
1,0.279657
0
1,0.577458
1,-0.983750
13
2,-0.262498
3,-0.811890
3
5,0.367169
4,0.393282
3
5,0.267349
0,-0.377814
9
6,0.826461
1,-0.759545
13
3,-0.822849
3,0.514014
12
6,-0.923296
9,0.805787
12
7,0.740153
10,-0.137939
4
0,0.394675
6,0.546638
2
12,0.099281
11,-0.197958
6
9,0.992651
8,-0.745571
3
13,0.655458
14,0.588833
5
15,0.216395
15,0.399296
11
16,-0.024217
16,-0.614067
2
17,-0.094277
13,-0.597492
18,