numInputs,2
numNodes,18
numOutputs,1
arity,2
functionSet,add,sub,mul,div,sq,sqrt,tanh,1,0,wire,sin,cos,min,max
12
1,0.681917
0,0.195895
4
2,0.968550
1,-0.550810
1
2,0.869613
3,0.967267
9
3,-0.823397
0,0.989652
3
0,0.055762
3,0.544051
13
4,-0.088067
6,0.925281
7
6,-0.444325
5,-0.913935
4
1,0.114569
5,0.022442
1
0,-0.605051
9,-0.321741
3
0,0.873551
2,-0.029767
6
7,0.801342
11,-0.972998
11
4,-0.340336
12,-0.922708
12
12,0.190081
10,-0.868775
1
5,-0.968797
0,-0.941376
2
14,0.990920
8,-0.655595
5
13,0.185844
5,-0.200123
1
15,-0.636350
16,0.827854
2
18,0.770380
17,0.726710
19,