numInputs,2
numNodes,20
numOutputs,1
arity,2
functionSet,add,sub,mul,div,sq,sqrt,tanh,1,0,wire,sin,cos,min,max
12
1,-0.392615
0,0.261467
0
2,0.332984
1,0.473390
5
3,0.463667
1,-0.397970
11
4,-0.381631
3,-0.039012
12
3,-0.896036
4,0.614182
7
5,-0.479554
5,-0.864695
2
7,-0.737328
5,-0.942388
3
4,-0.288907
6,0.094086
2
4,-0.889391
8,0.186613
11
8,0.302685
7,0.791125
10
11,-0.790959
3,0.911484
4
12,0.364846
7,-0.721446
10
10,-0.763634
4,-0.161946
12
14,-0.826024
13,-0.166324
7
4,-0.653825
4,-0.308008
3
16,0.165422
9,0.599032
4
15,-0.748883
17,0.841147
5
18,0.442310
12,0.417561
2
17,-0.804108
19,-0.918584
5
20,0.281059
20,0.743594
21,