numInputs,2
numNodes,18
numOutputs,1
arity,2
functionSet,add,sub,mul,div,sq,sqrt,tanh,1,0,wire,sin,cos,min,max
4
1,0.533842
1,-0.635075
3
2,0.242902
0,0.895419
0
2,-0.081545
0,0.011711
9
3,-0.858403
2,-0.083957
1
1,-0.148245
5,-0.649861
10
5,0.395940
6,-0.750897
10
2,-0.549350
3,-0.420409
12
8,-0.996896
4,-0.603668
9
8,-0.517551
8,-0.799883
2
10,0.860582
3,0.163227
0
6,0.281188
7,-0.755845
12
9,-0.629810
11,-0.244946
9
13,-0.739280
6,0.715782
7
7,0.953736
13,0.598004
1
12,0.154061
15,-0.018318
11
16,-0.837823
11,0.188100
3
14,-0.129363
14,-0.490603
6
18,0.750653
17,-0.632919
19,