numInputs,2
numNodes,21
numOutputs,1
arity,2
functionSet,add,sub,mul,div,sq,sqrt,tanh,1,0,wire,sin,cos,min,max
3
0,-0.181080
1,0.517552
10
2,-0.548389
1,0.022030
5
2,-0.168044
1,0.856487
11
4,-0.091385
2,-0.457974
10
3,0.842972
1,0.304895
5
0,0.713858
3,0.396178
12
5,-0.225551
6,-0.345981
12
8,-0.428986
1,-0.711558
1
3,-0.708628
9,-0.862987
3
7,-0.986208
10,-0.797626
9
10,-0.678392
11,-0.900572
0
8,-0.694448
3,-0.332115
6
13,-0.329156
6,0.376835
11
11,-0.419578
14,-0.697095
5
1,-0.070018
15,-0.314595
13
4,-0.729475
16,-0.614032
10
15,-0.634737
16,0.558718
12
6,0.577807
14,-0.672625
2
18,-0.904123
17,-0.902804
2
12,-0.952366
20,0.722244
6
19,-0.305157
21,-0.400274
22,