numInputs,2
numNodes,20
numOutputs,1
arity,2
functionSet,add,sub,mul,div,sq,sqrt,tanh,1,0,wire,sin,cos,min,max
4
1,-0.097727
1,-0.599923
3
1,-0.447208
0,-0.548542
11
1,0.432326
0,0.115369
3
2,0.768559
0,0.294165
0
4,0.679601
0,-0.114971
3
2,-0.039304
6,0.961556
0
7,0.721262
2,-0.199807
9
8,0.551526
6,0.058112
2
9,0.176207
3,0.780521
0
4,-0.637208
10,0.166170
1
0,0.478024
3,-0.734309
12
12,0.973563
11,0.426984
11
13,0.341540
12,0.341888
9
14,-0.502372
3,-0.223386
5
5,-0.566334
4,0.996304
8
16,-0.577561
12,-0.864781
5
15,-0.027442
16,-0.458113
11
16,-0.874913
17,0.810417
3
18,0.348421
19,-0.093101
6
20,-0.609454
17,-0.778205
21,