numInputs,2
numNodes,16
numOutputs,1
arity,2
functionSet,add,sub,mul,div,sq,sqrt,tanh,1,0,wire,sin,cos,min,max
0
0,-0.179003
0,0.285023
13
2,0.203602
1,0.554401
9
1,-0.661698
3,-0.427403
11
1,0.596151
2,-0.944898
2
3,-0.444174
5,0.843677
13
4,0.260032
6,0.515323
11
6,-0.052204
4,0.592241
2
3,-0.203997
6,-0.071380
13
4,0.631138
8,-0.267583
0
9,-0.947244
8,-0.140646
6
7,0.663607
10,-0.614265
11
8,-0.712862
9,-0.929079
13
13,-0.200358
11,0.751338
1
13,-0.055661
12,0.453299
12
15,-0.434434
14,0.559589
11
16,0.170073
6,-0.271978
17,