numInputs,2
numNodes,15
numOutputs,1
arity,2
functionSet,add,sub,mul,div,sq,sqrt,tanh,1,0,wire,sin,cos,min,max
0
1,-0.288176
1,-0.054887
0
2,-0.779009
1,-0.049062
10
2,0.970426
0,-0.484811
13
3,-0.074950
3,-0.850740
0
0,0.438682
0,-0.817106
3
3,-0.993901
2,0.380738
1
6,0.097452
7,0.937059
2
8,0.116423
5,0.532181
11
3,-0.514124
6,-0.997502
10
9,0.932071
8,0.029549
10
11,-0.436680
11,0.033204
12
12,0.113166
6,0.212270
1
13,0.928302
4,-0.837311
6
10,-0.581606
14,-0.100191
4
15,0.421961
15,-0.453426
16,