numInputs,2
numNodes,22
numOutputs,1
arity,2
functionSet,add,sub,mul,div,sq,sqrt,tanh,1,0,wire,sin,cos,min,max
11
1,0.582075
0,0.156359
0
2,-0.699040
2,0.243717
3
0,0.160221
2,-0.749334
13
0,0.684907
0,-0.619417
7
5,-0.879710
4,-0.434453
11
5,0.787080
2,-0.371287
13
4,0.219934
0,0.623080
5
1,-0.300689
4,-0.762315
3
8,-0.607679
3,-0.315234
4
7,-0.743032
7,-0.116862
1
11,-0.829073
1,-0.144620
11
4,0.353732
6,0.758445
13
10,0.785406
6,0.918717
6
8,-0.353798
12,-0.639155
12
5,-0.416868
9,-0.864016
9
15,-0.523717
16,-0.569907
3
14,0.155501
16,-0.237647
11
10,0.115694
16,-0.850869
9
17,-0.547876
15,0.320663
0
20,0.779787
13,-0.932353
3
19,0.069092
18,0.612945
0
21,-0.233558
22,0.451019
23,