numInputs,2
numNodes,18
numOutputs,1
arity,2
functionSet,add,sub,mul,div,sq,sqrt,tanh,1,0,wire,sin,cos,min,max
10
1,0.585946
0,-0.722808
13
0,0.653949
2,0.804122
2
1,0.734485
1,0.782532
4
1,0.530652
2,-0.943312
2
5,-0.038952
4,-0.669533
5
1,-0.584366
1,-0.484777
5
3,-0.070824
7,-0.334128
1
7,0.327180
8,-0.438962
4
1,-0.817322
9,-0.302835
3
10,-0.358220
6,-0.589101
0
11,0.626053
0,0.835189
9
9,-0.398071
11,0.454874
12
1,-0.906345
12,-0.778851
11
6,0.004036
13,-0.017143
3
14,-0.510012
15,-0.434305
3
16,0.079673
13,-0.016437
3
17,-0.382232
8,-0.323546
10
18,0.225386
18,0.644949
19,