numInputs,2
numNodes,17
numOutputs,1
arity,2
functionSet,add,sub,mul,div,sq,sqrt,tanh,1,0,wire,sin,cos,min,max
5
0,0.839603
0,-0.701173
12
0,0.599698
0,0.298587
0
2,0.274391
0,0.681860
13
0,-0.480052
3,0.882896
2
4,0.163803
2,0.583383
4
0,0.370088
4,-0.288129
13
7,-0.012689
5,0.487519
2
3,-0.869282
0,0.530925
10
9,-0.149390
5,-0.860869
13
6,-0.711493
8,-0.155017
13
10,-0.553514
6,-0.354155
2
0,-0.847664
11,0.416458
2
13,-0.186853
12,-0.469773
2
6,-0.060074
14,0.080177
10
14,-0.990979
15,-0.752094
0
16,-0.427387
15,-0.409982
10
17,0.695402
14,-0.868874
18,