numInputs,2
numNodes,16
numOutputs,1
arity,2
functionSet,add,sub,mul,div,sq,sqrt,tanh,1,0,wire,sin,cos,min,max
6
1,-0.277500
1,-0.999235
11
0,-0.266400
1,0.044249
10
1,-0.374861
2,0.508534
9
1,0.598358
4,0.316659
0
5,0.874066
4,0.934076
13
6,-0.623524
2,0.393214
9
6,-0.141366
6,0.699742
13
6,0.448889
8,-0.520940
1
0,0.694975
2,-0.579889
0
3,0.215135
2,-0.272499
3
10,0.914785
7,0.925537
3
11,-0.125847
9,-0.031925
10
12,-0.038432
1,0.383679
2
14,0.857798
13,-0.320975
4
14,0.387497
14,0.188124
12
15,-0.214563
16,-0.916651
17,