numInputs,2
numNodes,17
numOutputs,1
arity,2
functionSet,add,sub,mul,div,sq,sqrt,tanh,1,0,wire,sin,cos,min,max
2
1,-0.030170
1,-0.067774
1
2,-0.685951
1,-0.967924
12
3,0.199734
0,-0.053342
9
3,-0.982693
1,0.057961
1
5,0.324573
2,0.609293
5
3,0.425264
2,0.517953
8
6,0.342308
4,0.812993
0
5,-0.134416
2,-0.687692
5
7,-0.742899
4,-0.787866
9
4,-0.376906
8,-0.659499
3
10,0.241125
11,-0.605046
0
8,0.039519
12,-0.449209
2
9,-0.834740
13,0.608939
1
6,0.833120
14,-0.350018
3
15,-0.102313
0,-0.324629
10
16,-0.523065
14,0.141995
10
17,-0.100342
16,-0.555909
18,