numInputs,2
numNodes,20
numOutputs,1
arity,2
functionSet,add,sub,mul,div,sq,sqrt,tanh,1,0,wire,sin,cos,min,max
10
1,0.125546
0,-0.127524
5
1,0.431737
2,0.973448
4
3,-0.199322
0,-0.586991
7
1,0.913427
4,0.833662
5
4,0.005594
4,-0.014368
13
6,0.592375
6,-0.460584
9
7,-0.880635
1,-0.213678
10
5,0.621319
1,0.502146
9
6,0.436630
6,0.964719
9
9,-0.733347
6,-0.008229
2
3,0.232185
11,-0.977055
1
8,-0.218528
7,-0.608569
13
2,-0.936954
3,0.442197
9
0,0.725827
4,0.532759
1
14,-0.841641
15,-0.002316
6
10,0.989635
16,0.739801
1
12,-0.009754
17,0.691053
6
13,0.112640
18,-0.039218
2
16,0.299688
19,-0.270809
11
20,0.929376
20,-0.356518
21,