numInputs,2
numNodes,30
numOutputs,1
arity,2
functionSet,add,sub,mul,div,sq,sqrt,tanh,1,0,wire,sin,cos,min,max
0
1,0.548816
1,-0.279134
2
2,0.543592
1,0.186052
10
3,-0.720156
3,0.175249
13
2,-0.903746
4,0.455298
10
0,-0.138323
1,-0.282340
3
3,0.153378
6,0.624520
1
7,0.635900
7,0.965879
3
3,-0.305629
1,-0.122506
5
2,-0.724277
6,0.065633
12
9,-0.809108
4,0.479180
2
10,-0.139405
10,-0.675922
12
7,-0.742880
12,0.606563
10
10,0.174812
10,-0.412224
3
1,0.131496
14,-0.842179
1
11,-0.924602
8,-0.339979
1
8,-0.500492
16,-0.436682
9
17,-0.357305
12,0.837418
11
0,-0.343528
9,-0.401065
7
3,-0.786498
12,0.857955
6
15,-0.890590
19,-0.930831
0
4,0.164444
3,-0.567701
9
22,0.116259
5,-0.561567
13
23,0.911562
20,0.775799
2
24,-0.660163
5,0.924067
12
18,-0.282894
13,0.490182
13
21,-0.134185
17,0.106451
11
25,0.804634
0,0.981486
3
27,-0.198126
26,-0.422290
5
28,-0.056665
22,-0.624304
6
29,0.812227
30,0.306928
31,