numInputs,2
numNodes,16
numOutputs,1
arity,2
functionSet,add,sub,mul,div,sq,sqrt,tanh,1,0,wire,sin,cos,min,max
11
1,-0.712575
0,-0.507756
4
2,-0.265015
0,-0.714488
2
1,-0.814858
2,0.964602
3
1,-0.608440
0,-0.982156
6
5,-0.366591
3,0.438071
13
4,-0.521172
6,0.001331
2
2,0.347378
0,0.553334
11
4,-0.848632
1,-0.164962
11
1,0.475848
4,-0.289225
3
7,0.602001
8,-0.947734
10
10,-0.657564
11,-0.440554
11
11,-0.425053
6,-0.584777
0
8,0.228942
13,-0.836143
2
14,0.741510
12,0.148199
11
15,0.667873
15,0.378343
2
9,-0.968929
16,0.292373
17,