numInputs,2
numNodes,22
numOutputs,1
arity,2
functionSet,add,sub,mul,div,sq,sqrt,tanh,1,0,wire,sin,cos,min,max
3
0,-0.575891
1,0.918821
8
0,-0.550781
0,-0.998850
13
0,-0.325858
0,-0.278942
4
2,0.417021
0,0.252866
6
4,-0.045022
2,0.484201
4
6,0.416488
5,-0.275991
11
5,-0.912824
3,0.329864
7
4,-0.881263
5,-0.418703
13
8,-0.226252
5,-0.698126
10
10,0.595213
9,0.076610
5
3,-0.311629
10,-0.052966
1
12,-0.077639
6,0.825902
7
11,0.771217
3,-0.455117
9
7,-0.580079
14,0.976018
4
15,-0.780407
8,-0.529712
12
11,-0.530787
16,0.685184
5
14,-0.751864
6,0.880528
4
9,-0.103804
11,0.336080
5
13,-0.018652
16,0.884724
13
19,0.989757
18,0.864125
1
21,-0.842992
17,0.256536
13
22,0.470072
20,0.292591
23,