numInputs,2
numNodes,19
numOutputs,1
arity,2
functionSet,add,sub,mul,div,sq,sqrt,tanh,1,0,wire,sin,cos,min,max
4
1,-0.899355
0,-0.499119
8
0,-0.768625
2,-0.887163
3
1,0.802188
0,-0.305113
12
0,0.097682
0,0.693122
12
4,-0.277606
2,0.303930
12
4,0.188329
1,0.148713
1
5,0.369136
3,0.704917
7
7,-0.534517
6,0.064739
1
8,-0.398032
9,-0.752985
7
10,-0.069064
10,-0.753654
4
6,0.180602
11,-0.894939
11
10,-0.639279
2,0.179219
10
7,0.481424
12,0.326318
9
14,-0.345291
3,0.013688
9
15,-0.240533
10,-0.998972
0
8,-0.458210
16,0.840965
3
12,-0.138348
13,-0.818595
2
18,0.726152
11,-0.093156
6
19,0.503698
17,-0.879275
20,