numInputs,2
numNodes,20
numOutputs,1
arity,2
functionSet,add,sub,mul,div,sq,sqrt,tanh,1,0,wire,sin,cos,min,max
6
0,-0.300121
0,-0.014501
3
1,0.221331
0,-0.079828
1
2,-0.476508
3,0.694826
3
3,0.707931
4,-0.702966
12
1,-0.319970
5,0.407597
13
6,-0.147233
0,0.941382
11
3,-0.516628
2,0.711150
5
7,-0.507185
3,0.313093
10
8,-0.445067
8,-0.740131
2
0,0.171156
6,0.916520
10
11,0.782599
10,-0.584146
5
9,0.157034
0,0.602124
5
12,0.002637
10,0.694077
0
13,-0.770075
11,0.484016
12
14,0.291236
15,-0.627557
11
16,-0.895052
11,-0.030110
10
17,-0.162085
10,0.447479
11
10,-0.024674
18,-0.411214
5
18,-0.379753
10,-0.892597
0
19,-0.972102
20,-0.821115
21,