numInputs,2
numNodes,19
numOutputs,1
arity,2
functionSet,add,sub,mul,div,sq,sqrt,tanh,1,0,wire,sin,cos,min,max
9
1,-0.163329
1,0.574560
3
0,0.370105
0,-0.970593
0
2,-0.432247
2,-0.293261
2
3,-0.518891
1,-0.656785
6
0,-0.266859
2,0.220574
3
6,0.209882
4,0.855642
1
0,-0.842195
5,0.602209
9
3,0.985249
8,-0.108171
4
1,0.190946
6,-0.014243
3
8,0.245591
9,0.242990
3
8,0.819728
4,0.239241
2
7,0.135927
10,-0.367599
10
13,-0.441145
10,0.134122
6
0,0.523460
11,-0.545016
4
6,-0.629254
8,0.253042
6
16,0.888894
12,-0.364671
9
17,-0.125969
3,0.879010
12
14,0.586314
18,0.722349
12
19,0.874816
15,0.719788
20,