numInputs,2
numNodes,16
numOutputs,1
arity,2
functionSet,add,sub,mul,div,sq,sqrt,tanh,1,0,wire,sin,cos,min,max
9
0,-0.809107
0,-0.130352
2
2,-0.541504
2,-0.588051
5
2,0.611463
2,-0.659541
3
1,-0.282955
4,-0.536307
5
1,0.216984
1,-0.360979
7
6,-0.015563
6,-0.660715
1
5,-0.518189
6,-0.507464
1
3,0.132589
8,-0.976794
12
9,-0.795853
7,0.529208
7
10,0.505522
10,-0.941908
9
6,-0.610744
11,-0.542844
6
10,0.154340
11,-0.588955
0
0,-0.416586
6,0.226378
0
12,-0.895698
14,-0.217189
2
13,-0.802313
15,-0.875326
11
16,-0.393206
16,-0.146680
17,