numInputs,2
numNodes,16
numOutputs,1
arity,2
functionSet,add,sub,mul,div,sq,sqrt,tanh,1,0,wire,sin,cos,min,max
7
0,-0.173793
0,-0.051636
6
2,-0.019495
2,-0.642495
0
3,0.016028
0,0.125630
4
2,0.276084
3,0.906635
2
4,-0.897153
3,0.215339
2
1,-0.410267
1,-0.566592
10
3,-0.136989
6,0.069298
1
7,-0.924488
4,-0.166818
6
9,0.162060
5,-0.747888
8
9,-0.321767
8,0.225269
1
11,0.129931
8,0.847979
11
6,0.535350
12,0.170974
12
12,0.406178
10,-0.539291
7
14,-0.535349
14,-0.664073
12
13,-0.316836
15,0.855024
2
14,-0.462455
16,0.320362
17,