numInputs,2
numNodes,29
numOutputs,1
arity,2
functionSet,add,sub,mul,div,sq,sqrt,tanh,1,0,wire,sin,cos,min,max
2
1,0.364756
1,0.812665
7
2,0.636493
0,0.035213
1
2,-0.548198
1,-0.487476
2
3,-0.947608
4,-0.634233
12
5,-0.289285
4,-0.472832
10
1,-0.309742
1,0.467811
13
7,0.901944
7,0.739418
0
6,-0.543613
4,0.727161
7
9,-0.091474
1,-0.787680
13
0,-0.739050
9,-0.040677
13
8,0.873902
4,-0.658422
2
0,0.906688
10,0.856412
3
13,0.419813
8,-0.435054
0
11,-0.192837
7,-0.016192
0
12,-0.372070
8,-0.235324
12
13,-0.913097
9,-0.275161
0
3,-0.190925
15,-0.052980
2
16,-0.929380
17,0.003041
11
19,-0.133665
14,0.421107
1
2,-0.892002
18,0.675792
10
14,-0.536472
19,-0.022764
4
14,0.867552
4,0.804370
3
23,-0.974906
23,0.239845
4
24,0.576465
23,-0.986999
9
20,-0.983317
23,-0.484452
11
21,0.916878
23,0.955991
0
27,0.270654
25,-0.930407
3
28,0.150470
22,-0.767549
12
29,-0.799163
26,0.011301
30,