numInputs,2
numNodes,15
numOutputs,1
arity,2
functionSet,add,sub,mul,div,sq,sqrt,tanh,1,0,wire,sin,cos,min,max
13
1,0.005754
0,-0.611731
11
1,-0.146930
0,-0.143392
11
3,-0.634988
3,-0.807017
6
1,0.860784
2,-0.549257
11
4,0.512727
5,0.382214
3
6,0.213198
3,0.651108
13
4,0.998218
7,-0.238945
11
4,0.049525
5,-0.455330
10
8,-0.580741
7,-0.271544
13
3,-0.429442
4,-0.717258
1
11,0.010145
5,-0.961063
0
9,0.938084
10,0.031932
7
1,0.544407
8,0.332335
12
13,0.059759
14,-0.043967
6
12,-0.363171
15,-0.900739
16,