numInputs,2
numNodes,19
numOutputs,1
arity,2
functionSet,add,sub,mul,div,sq,sqrt,tanh,1,0,wire,sin,cos,min,max
5
0,0.239091
1,-0.707134
7
1,-0.628559
1,-0.201686
5
1,-0.937477
1,0.904060
3
2,-0.816770
3,0.548476
8
2,-0.047129
1,-0.933565
12
3,-0.246041
4,-0.619991
5
2,-0.339267
3,-0.699973
6
8,0.108898
6,-0.139327
2
1,0.809387
9,0.840860
12
7,-0.866285
7,0.242790
2
11,0.645250
5,-0.088767
6
12,0.276281
8,-0.670280
9
10,0.091867
5,-0.298519
2
12,-0.876449
13,-0.709976
1
15,-0.063711
10,-0.734730
7
14,-0.003107
16,0.135523
11
14,-0.076283
14,0.363567
2
16,0.574002
18,-0.950461
0
19,-0.836621
17,0.283729
20,