numInputs,2
numNodes,18
numOutputs,1
arity,2
functionSet,add,sub,mul,div,sq,sqrt,tanh,1,0,wire,sin,cos,min,max
1
0,0.570003
1,-0.464906
1
1,0.328936
2,-0.295463
12
3,-0.424433
3,0.354609
0
1,0.175058
4,-0.854771
5
5,-0.825956
1,0.798550
5
6,0.309990
1,-0.226104
0
6,0.564439
7,0.892672
10
8,0.205651
4,0.141786
10
9,0.282349
2,-0.664678
10
6,-0.821986
3,-0.203150
1
8,0.112316
11,0.331237
4
10,-0.196979
0,-0.716368
10
12,-0.531164
12,-0.722724
5
13,0.465428
5,0.992483
5
15,-0.493582
15,-0.679298
10
16,-0.879653
14,-0.744317
11
17,0.576436
14,0.688154
13
18,-0.596438
14,-0.559210
19,