numInputs,2
numNodes,16
numOutputs,1
arity,2
functionSet,add,sub,mul,div,sq,sqrt,tanh,1,0,wire,sin,cos,min,max
9
1,-0.115705
0,0.706811
9
2,0.227141
1,-0.797944
5
0,-0.824795
0,-0.445975
6
2,-0.395843
1,-0.065699
6
3,-0.778200
3,0.974199
2
1,0.692765
5,0.410447
11
7,0.457465
2,0.515433
9
8,-0.963625
5,-0.644282
12
0,-0.853632
9,0.007386
13
10,0.924884
6,0.463091
10
4,-0.726249
5,0.112762
0
11,0.239463
12,0.237012
5
2,-0.135085
13,-0.329142
2
13,-0.835037
14,-0.396500
9
15,-0.632942
14,-0.036384
10
16,-0.214420
15,-0.189159
17,