numInputs,2
numNodes,19
numOutputs,1
arity,2
functionSet,add,sub,mul,div,sq,sqrt,tanh,1,0,wire,sin,cos,min,max
5
0,-0.436755
0,-0.271628
0
2,-0.064763
1,-0.642342
13
3,0.318120
3,0.653554
12
3,0.258034
4,0.271677
1
0,0.506651
5,-0.258222
7
1,0.147235
4,0.106224
4
7,-0.380505
6,-0.807776
13
8,0.998884
1,0.559218
2
6,0.201962
4,-0.841851
11
10,0.428895
8,0.470750
6
11,-0.335096
1,0.261979
2
5,-0.610741
6,0.603578
8
4,0.592761
13,-0.775582
4
14,-0.916645
14,0.783346
5
13,-0.508534
14,0.824969
3
16,-0.804379
12,0.469866
2
9,-0.174186
15,-0.266976
11
17,-0.209078
18,0.189218
12
18,0.089660
19,0.531372
20,