numInputs,2
numNodes,19
numOutputs,1
arity,2
functionSet,add,sub,mul,div,sq,sqrt,tanh,1,0,wire,sin,cos,min,max
12
0,-0.080545
1,0.283038
13
0,0.928715
1,-0.423470
0
1,0.839114
3,0.884650
0
4,-0.935844
4,0.976238
2
2,0.808879
2,-0.231757
1
6,0.692145
5,0.050818
13
3,-0.152937
7,0.658930
8
6,-0.758779
3,0.902792
11
3,0.594457
7,-0.208223
1
9,-0.288562
10,0.101847
4
0,0.442889
11,0.759345
12
12,0.788399
6,-0.695388
7
12,-0.909243
13,-0.560643
2
14,-0.272150
11,-0.711940
3
8,0.324652
10,-0.185588
4
16,-0.105087
14,-0.280531
3
13,-0.537107
15,-0.070854
4
17,0.317882
18,0.060808
0
18,-0.052090
19,-0.652349
20,