numInputs,2
numNodes,22
numOutputs,1
arity,2
functionSet,add,sub,mul,div,sq,sqrt,tanh,1,0,wire,sin,cos,min,max
7
1,-0.004771
0,0.997052
6
0,-0.207688
0,0.210728
0
2,0.511048
1,-0.591440
13
4,-0.580649
0,0.546694
11
5,-0.469633
5,0.379935
2
0,0.799989
3,0.827823
6
6,0.032311
6,0.519741
12
3,0.300005
0,0.567128
2
1,0.170451
3,0.167339
10
5,-0.912090
9,0.582873
7
3,-0.140959
4,0.385596
4
8,-0.867741
6,0.417752
9
11,0.306360
13,-0.088441
5
14,0.805443
5,-0.488690
1
7,-0.583339
13,0.795900
1
10,-0.216737
9,0.177287
11
17,-0.709298
16,-0.723580
3
12,0.093778
16,0.533863
0
18,0.459957
19,-0.323987
10
20,0.949375
18,-0.257203
11
15,0.906895
21,0.599374
6
21,-0.707406
22,-0.785344
23,