numInputs,2
numNodes,15
numOutputs,1
arity,2
functionSet,add,sub,mul,div,sq,sqrt,tanh,1,0,wire,sin,cos,min,max
6
1,0.683335
0,-0.136448
4
2,-0.287524
2,-0.804684
7
2,-0.029470
1,-0.977791
11
2,-0.637349
2,-0.305290
2
0,0.013236
4,-0.717419
9
3,-0.633947
2,0.177666
1
6,0.302448
0,-0.512169
13
8,-0.670666
5,-0.999316
0
3,-0.026623
9,-0.349951
4
5,-0.502572
6,0.003920
9
5,-0.474634
11,-0.949742
11
10,0.045270
3,-0.740660
2
7,0.353436
12,0.343266
1
14,0.892858
11,-0.220287
12
13,-0.817167
15,-0.318210
16,