numInputs,2
numNodes,16
numOutputs,1
arity,2
functionSet,add,sub,mul,div,sq,sqrt,tanh,1,0,wire,sin,cos,min,max
12
0,0.734720
0,0.416372
4
2,-0.251271
0,-0.267825
1
1,0.532772
0,-0.464826
1
4,-0.892754
2,-0.910834
4
0,-0.968529
2,-0.093390
2
6,-0.411915
6,0.173859
10
2,0.831029
1,-0.622152
4
4,0.678741
7,0.151678
7
4,-0.391753
6,0.071969
5
5,-0.034056
9,-0.982336
3
3,-0.458479
8,-0.274382
1
10,0.147148
9,-0.399304
12
11,-0.864449
13,0.240627
11
7,0.568165
1,0.961469
6
15,0.130450
14,-0.127009
3
12,0.521634
16,-0.770196
17,