numInputs,2
numNodes,19
numOutputs,1
arity,2
functionSet,add,sub,mul,div,sq,sqrt,tanh,1,0,wire,sin,cos,min,max
6
1,0.333368
0,-0.177140
2
0,-0.545629
1,0.718782
4
2,0.148873
0,0.348766
2
3,-0.492903
1,0.058585
4
4,-0.338671
5,-0.072411
5
6,0.787238
0,-0.009286
1
5,0.366016
6,0.722115
1
5,0.889237
8,-0.366910
5
5,-0.617901
9,-0.448721
4
9,-0.406097
9,0.076566
9
7,0.384220
9,-0.237799
11
11,0.667815
0,0.700908
6
12,0.722324
0,0.677492
3
10,-0.755255
12,0.394620
10
13,-0.041130
8,0.147811
13
15,-0.766638
14,-0.531434
9
17,0.028426
17,0.600423
12
16,-0.949863
18,-0.359678
10
19,-0.020085
16,-0.925747
20,