numInputs,2
numNodes,23
numOutputs,1
arity,2
functionSet,add,sub,mul,div,sq,sqrt,tanh,1,0,wire,sin,cos,min,max
2
0,0.674047
0,0.860189
9
0,0.468390
1,-0.631293
8
1,-0.456710
3,-0.922265
13
1,0.173820
3,-0.948041
2
5,0.452544
4,-0.153812
1
5,0.810718
6,-0.787436
11
0,-0.267987
1,-0.691040
13
0,0.310148
7,0.494060
7
5,0.151111
5,-0.049251
11
9,0.124513
7,0.349516
5
0,-0.131967
2,-0.959437
0
12,-0.847281
7,-0.218977
1
4,-0.621806
13,0.604275
11
8,0.866897
1,0.547049
11
10,0.435952
13,0.801524
2
7,-0.893891
11,-0.064150
12
16,-0.664772
2,-0.384859
11
18,0.787337
7,0.230124
10
17,0.966053
19,0.482376
0
15,-0.562313
14,-0.360510
6
20,-0.244894
19,-0.232577
5
21,0.234183
20,-0.808422
13
23,-0.406292
22,0.986072
24,