numInputs,2
numNodes,24
numOutputs,1
arity,2
functionSet,add,sub,mul,div,sq,sqrt,tanh,1,0,wire,sin,cos,min,max
4
0,0.259692
0,-0.291334
3
2,0.129508
1,-0.907374
5
1,0.151094
0,-0.486522
4
4,-0.880172
3,0.462751
6
0,0.733780
5,0.786293
12
3,-0.418204
5,-0.131547
3
7,0.006353
6,0.683595
0
8,-0.736355
7,-0.765993
7
5,-0.779333
9,-0.798395
5
8,0.587209
7,-0.786158
1
1,-0.415847
0,-0.402862
13
9,-0.565968
10,-0.534694
5
13,-0.161105
10,0.437383
8
8,-0.736980
13,-0.044130
1
15,-0.174946
10,-0.663003
5
12,-0.392721
7,0.220196
10
14,0.928184
13,0.091176
10
17,-0.182521
13,-0.481423
13
18,-0.063238
16,0.255692
10
11,-0.794461
18,-0.944984
12
20,-0.569129
13,-0.499669
3
21,-0.426080
19,-0.878746
0
3,-0.361455
23,-0.715192
6
22,-0.903937
24,-0.749923
25,