numInputs,2
numNodes,22
numOutputs,1
arity,2
functionSet,add,sub,mul,div,sq,sqrt,tanh,1,0,wire,sin,cos,min,max
5
1,-0.399770
0,-0.672478
1
2,-0.167024
0,-0.264735
13
2,-0.622117
0,0.392239
2
2,-0.908226
4,-0.302178
5
5,0.265247
1,0.305982
5
5,0.148325
5,0.288573
4
3,0.306055
6,-0.703163
12
3,-0.987377
8,-0.302296
7
5,-0.198948
4,0.585703
9
9,-0.522166
9,-0.984266
5
9,-0.762182
4,-0.264707
2
0,0.047693
1,-0.006256
4
10,0.513762
1,0.608507
10
6,0.837806
9,-0.869315
5
12,-0.883931
9,0.831395
3
15,-0.954011
13,-0.396812
12
14,-0.399840
11,0.338992
8
13,0.312189
7,-0.258144
12
19,-0.155702
16,0.544232
6
17,-0.554399
20,-0.275954
3
18,-0.502589
21,-0.277271
6
7,-0.980503
22,-0.198967
23,