numInputs,2
numNodes,22
numOutputs,1
arity,2
functionSet,add,sub,mul,div,sq,sqrt,tanh,1,0,wire,sin,cos,min,max
5
0,0.474161
0,-0.709450
5
0,-0.276067
1,-0.986576
6
1,0.104076
1,0.110360
11
3,0.371098
3,-0.775956
0
3,0.799098
3,-0.058213
9
2,-0.681552
3,0.324762
1
7,-0.342671
3,0.144896
0
0,0.838450
0,-0.275237
3
6,-0.376820
9,-0.699693
9
5,-0.914665
5,-0.287178
9
9,0.981479
8,-0.339807
7
12,-0.411028
8,-0.639225
2
11,-0.636439
6,0.644644
2
8,0.166920
4,-0.086860
13
10,0.338387
14,-0.195853
9
1,-0.801823
12,-0.734858
11
13,0.234460
17,0.385695
0
18,-0.939792
16,0.228085
0
12,-0.459673
19,-0.164915
10
15,-0.129568
20,0.140050
1
21,-0.920129
20,0.675550
0
17,0.752029
22,-0.581051
23,