numInputs,2
numNodes,18
numOutputs,1
arity,2
functionSet,add,sub,mul,div,sq,sqrt,tanh,1,0,wire,sin,cos,min,max
0
1,0.795563
1,-0.342464
6
1,0.174411
0,-0.394742
13
1,0.235090
1,-0.357879
12
4,-0.942234
3,0.993092
7
4,-0.564816
4,0.820413
0
6,-0.545867
3,0.380127
5
7,-0.424754
4,0.342580
2
2,0.066162
1,0.360770
10
2,-0.869832
4,-0.198736
10
3,0.847856
1,0.395457
1
4,0.835324
8,0.448796
13
9,-0.771840
11,-0.488766
1
3,-0.958182
5,-0.667272
13
14,-0.302134
10,0.246223
1
15,0.994567
13,0.796444
11
12,-0.416132
0,-0.742573
12
16,0.905065
17,0.369607
3
18,0.656556
7,-0.492685
19,