numInputs,2
numNodes,16
numOutputs,1
arity,2
functionSet,add,sub,mul,div,sq,sqrt,tanh,1,0,wire,sin,cos,min,max
10
1,0.258574
0,-0.294541
8
1,0.604459
2,-0.175866
3
1,-0.428224
3,0.651608
10
2,0.877111
2,0.498176
1
2,0.396135
3,-0.987111
3
1,0.052394
4,0.381272
12
0,-0.306532
3,0.231545
12
1,0.936544
8,-0.090281
0
6,0.770403
9,0.612896
1
10,-0.734730
8,0.155153
1
7,0.360077
1,-0.986555
10
5,-0.812760
2,0.578432
4
11,0.420802
3,0.911643
6
12,-0.019560
13,-0.574468
2
10,-0.192262
14,0.864625
13
16,0.796709
15,-0.710804
17,